12349
11841
15532
15163
14646
12752
15064
13257
16039
15863
15648
16220
16630
15864
18876
16847
17765
18033
18773
17136
19760
19415
19421
19286
19254
18935
19777
19130
20640
21814
21749
21409
20530
21577
20691
21079
21165
22879
22718
22599
22867
22150
22100
22458
22913
22158
22286
23694
23293
23042
23245
23158
23027
23285
23238
23649
23622
23948
24852
24481
23969
25316
24906
24166
24844
25456
25919
25878
26071
25318
25452
25748
25929
25586
26029
26778
26097
27125
26174
26752
26252
26643
26983
27194
27336
27286
27552
27630
27527
27260
27532
27459
27977
28096
27652
27698
28092
28167
28010
27884
27996
28212
28597
28818
28346
28231
28333
28773
28950
28683
28772
29284
29604
29322
28988
29162
29047
29440
29146
29546
30055
29870
29850
29947
29608
29808
29852
29843
30341
31210
30386
31235
31088
31225
31022
30371
30993
30637
31047
31334
31397
31385
31505
31398
31580
31252
31455
31491
31359
31725
31885
31867
31826
31650
31679
31762
32209
32455
32284
32143
31971
32281
32152
32234
32383
32762
32701
32599
32520
32553
32551
32484
32993
33045
33152
33028
33253
32904
32910
32976
33149
33717
33729
33804
33836
33870
33532
33563
33373
33467
34172
34405
33922
34175
34277
34116
34248
34012
34928
34409
35160
35169
34742
34415
34746
35093
35369
35211
35317
35318
35238
35279
35244
35262
35272
35417
35432
35446
35583
35763
35567
35746
35447
35530
35575
35753
35979
35957
35896
36098
35966
36348
36182
36342
36323
36377
36261
36172
36244
36241
36349
36723
36443
36824
36868
36613
36705
36962
37094
37077
37059
37120
37101
36910
37008
36931
37017
37303
37168
37150
37365
37248
37280
37193
37343
37576
37514
37627
37630
37522
37466
37547
37536
37515
37382
37884
37794
37826
37795
37913
38008
37800
37865
37954
38116
38109
38235
38259
38279
38160
38080
38303
38348
38494
38360
38355
38499
38289
38417
38622
38559
38589
38718
38574
38769
38762
38661
38650
38873
38854
38787
39111
39169
38777
39152
38988
39017
39335
39190
39192
39286
39404
39305
39277
39224
39204
39302
39431
39631
39416
39589
39628
39420
39661
39689
39694
39853
39737
39776
39677
39739
39725
40308
40202
40491
40506
40098
40068
40427
40458
40160
40552
40662
40705
40522
40636
40580
40679
40613
40724
40897
40919
40823
41090
40843
40746
40725
40806
40866
41163
41498
41113
41094
41361
41158
41268
41546
41587
41594
41716
41699
41530
41509
41841
41944
41866
41958
42004
41923
41967
42039
41996
41859
41959
42192
42376
42327
42200
42367
42041
42276
42208
42524
42593
42546
42477
42646
42539
42648
42644
42451
42788
42876
43014
42994
42692
42727
42895
42869
43461
43386
43456
43313
43067
43278
43274
43137
43362
43465
43503
43547
43565
43614
43915
43961
43972
43887
43762
43924
43983
44000
44391
44207
44121
44030
44040
44386
44081
44008
44573
44413
44502
44557
44509
44410
44486
44517
44744
44706
44672
44829
44789
44837
44876
44741
44760
44888
44926
45061
45152
45094
44954
45125
45162
44916
45555
45186
45205
45464
45317
45546
45251
45274
45537
45679
45659
45564
45607
45699
45591
45810
45793
45991
45963
45877
45897
45891
45883
45919
46126
46248
46183
46250
46187
46303
46247
46451
46672
46359
46719
46438
46435
46487
46534
46816
46754
46889
46807
46828
46874
46899
46808
47264
46951
47437
46912
46911
47086
47478
47396
47522
47673
47574
47647
47573
47580
47542
47860
47688
47892
47885
47811
47880
47795
47834
47889
48254
48248
48204
48140
48215
47956
48021
48034
47985
48182
48312
48261
48380
48280
48356
48401
48281
48317
48316
48342
48473
48491
48593
48535
48424
48445
48434
48563
48729
48750
48641
48673
48801
48728
48605
48937
49117
48966
49170
49169
49038
49055
48977
49004
49041
49189
49233
49261
49406
49366
49314
49291
49301
49414
49279
49452
49674
49653
49833
49513
49471
49777
49782
49470
49531
49966
50086
50105
50083
49934
50147
50084
50197
50301
50171
50306
50271
50280
50212
50188
50379
50393
50407
50371
50356
50397
50330
50307
50383
50585
50610
50613
50458
50599
50468
50490
50419
50631
50706
50783
50634
50629
50658
50782
50699
50659
50763
50861
50933
50825
50894
50814
50839
50858
50870
51201
51036
51381
51337
51077
51207
50986
51087
51383
51429
51658
51554
51525
51406
51496
51418
51818
51773
51739
51808
51819
51776
51745
51758
51750
51878
52151
52027
52080
51994
52002
51845
51913
52427
52182
52365
52278
52293
52357
52320
52216
52225
52655
52600
52722
52564
52561
52619
52738
52572
52948
52911
52847
52905
52896
52893
52902
53085
53002
53108
53115
53044
52993
52954
53084
53114
53183
53226
53137
53143
53146
53270
53134
53172
53221
53133
53317
53390
53363
53361
53351
53434
53291
53352
53318
53559
53644
53571
53580
53622
53459
53604
53619
53472
53796
53645
53825
53793
53716
53666
53804
53779
54047
53848
53957
53882
53841
54067
53833
53946
54022
54135
54189
54195
54176
54127
54188
54098
54167
54198
54310
54387
54345
54357
54331
54371
54248
54215
54389
54417
54594
54483
54428
54453
54412
54407
54759
54805
54944
54757
54692
54698
54853
54743
54953
55031
54988
54997
55184
55018
55069
55047
55093
55100
55353
55257
55256
55207
55312
55200
55233
55277
55597
55719
55471
55630
55572
55673
55614
55499
55858
55871
55824
55830
55805
55832
55797
55850
55884
55728
55928
55895
55950
55913
55992
56023
55894
55892
55972
56093
56172
56048
56058
56059
56095
56196
56193
56085
56283
56215
56197
56255
56218
56291
56241
56262
56217
56370
56417
56443
56592
56580
56406
56436
56575
56552
56800
56736
56714
56671
56801
56663
56676
56673
57083
56905
57076
56956
56923
57071
57007
56891
56907
57168
57163
57191
57187
57115
57197
57093
57193
57251
57259
57345
57295
57360
57261
57372
57358
57328
57344
57542
57490
57427
57546
57443
57495
57413
57523
57611
57693
57590
57581
57603
57578
57697
57565
57840
57812
57917
57997
57869
58018
57790
57811
57831
58085
58100
58092
58083
58150
58212
58126
58213
58329
58279
58265
58230
58249
58331
58283
58371
58257
58379
58390
58461
58529
58453
58450
58456
58567
58571
58557
58586
58536
58534
58576
58620
58604
58777
58708
58725
58886
58756
58888
58715
58672
59043
58962
58930
58983
59017
59044
58898
58947
58997
59026
59095
59229
59084
59245
59113
59166
59243
59183
59106
59269
59309
59358
59319
59250
59303
59246
59418
59527
59465
59399
59470
59362
59415
59557
59550
59709
59793
59643
59740
59673
59563
59573
59749
59578
59646
59817
59885
60086
59825
59895
59872
60089
59794
60176
60182
60196
60153
60164
60107
60200
60095
60177
60138
60218
60371
60345
60271
60277
60390
60287
60232
60278
60550
60481
60453
60560
60491
60464
60522
60429
60463
60424
60814
60708
60648
60841
60665
60748
60802
60637
60980
60955
60862
60897
61094
60884
60934
60921
61089
61184
61287
61107
61385
61170
61189
61177
61395
61418
61584
61452
61512
61589
61489
61523
61439
61407
61735
61653
61595
61683
61715
61736
61722
61811
61809
61810
61781
61747
61770
61749
61758
61834
61787
62138
61856
62362
61931
61847
62177
62153
62168
61937
61882
62512
62626
62380
62518
62480
62472
62414
62622
62467
62790
62755
62711
62708
62737
62695
62765
62728
62861
62909
62803
62824
62883
62886
62885
62794
62994
63049
63032
62952
62985
63056
63035
63185
63350
63341
63210
63356
63060
63227
63121
63557
63442
63518
63374
63522
63415
63404
63611
63678
63688
63671
63663
63634
63715
63800
64045
63823
63829
64002
64100
63759
64110
63821
64137
64117
64177
64116
64323
64118
64276
64395
64536
64417
64373
64588
64418
64505
64397
64603
64615
64782
64652
64699
64665
64622
64639
64708
64990
64840
64861
64975
64785
64940
65088
65163
65063
65143
65150
65134
65126
65073
65054
65206
65233
65462
65421
65416
65234
65377
65579
65531
65611
65651
65482
65724
65687
65528
65566
65537
65797
65738
65938
65836
65780
65916
65922
65777
66016
66011
66090
66001
66064
66031
65981
66049
65988
66115
66130
66193
66407
66181
66206
66249
66402
66344
66412
66471
66550
66449
66450
66565
66473
66602
66579
66740
66765
66580
66603
66817
66831
66830
66921
66769
66808
66892
67085
67116
66989
67093
67052
67065
67128
66952
67204
67309
67216
67185
67314
67164
67219
67148
67350
67483
67328
67372
67334
67525
67411
67333
67445
67458
67713
67589
67588
67800
67741
67810
67803
67893
67950
67809
67805
67959
67927
68182
68168
67992
67962
68156
68190
68290
68245
68273
68284
68278
68240
68327
68334
68371
68309
68326
68361
68317
68421
68315
68473
68519
68458
68505
68575
68424
68441
68502
68650
68646
68687
68638
68622
68615
68612
68833
68713
68718
68866
68853
68897
68767
68805
68786
68699
68950
68931
68909
69089
68990
69005
69058
69048
69198
69121
69097
69191
69257
69197
69281
69280
69113
69332
69612
69393
69449
69372
69293
69467
69865
69834
69890
69762
69833
69823
69895
69765
69824
69822
69946
69994
69995
69945
69990
69947
69897
69976
70169
70165
70085
70016
70112
70061
70239
70294
70233
70328
70291
70290
70297
70242
70481
70510
70640
70354
70622
70334
70509
70460
70355
70379
70656
70735
70819
70707
70679
70698
70643
70666
70903
70849
70895
70917
70902
70915
70935
70825
70821
70909
71207
70948
71216
71115
70947
71141
71269
71276
71315
71249
71230
71222
71514
71508
71458
71402
71411
71431
71517
71424
71487
71565
71562
71524
71523
71544
71519
71577
71532
71695
71598
71706
71628
71688
71622
71604
71671
71607
71771
71853
71807
71762
71877
71737
71746
71866
71772
71824
71913
71970
71935
72021
72034
72081
71994
72157
71910
72305
72251
72271
72231
72272
72226
72308
72288
72403
72353
72351
72325
72417
72354
72409
72684
72730
72732
72653
72564
72735
72439
72737
72848
72747
72860
72856
72820
72890
73109
72926
73092
72951
72979
73076
73018
72976
73172
73169
73113
73114
73240
73195
73208
73282
73312
73373
73453
73486
73324
73341
73440
73540
73424
73707
73697
73600
73605
73692
73705
73629
73636
73675
73812
73722
73756
73817
73822
73760
73802
73747
73778
73820
73858
74006
74174
74119
74152
74156
74205
74102
74292
74287
74281
74285
74256
74235
74254
74258
74441
74503
74486
74483
74452
74608
74512
74626
74564
74621
74597
74554
74670
74730
74749
74703
74751
74747
74695
74888
74811
74860
74870
74851
74798
74812
74777
74806
74901
74958
74896
74937
74899
74968
74972
74991
74916
75005
75066
75165
75148
75232
75029
75213
75177
75132
75276
75314
75261
75268
75357
75244
75612
75520
75622
75669
75653
75704
75807
75784
75675
75686
75765
75968
75989
75995
75931
75936
76009
75925
75930
75824
76059
76070
76054
76095
76164
76211
76155
76221
76137
76167
76257
76301
76299
76342
76451
76489
76398
76504
76363
76446
76517
76535
76578
76706
76538
76704
76618
76543
76636
76666
76716
76843
76822
76759
76786
76734
76740
76752
76929
77138
77132
77228
77147
77360
77289
77369
77321
77305
77362
77280
77372
77235
77416
77504
77402
77451
77474
77394
77530
77523
77578
77559
77617
77588
77572
77629
77621
77549
77598
77696
77681
77713
77651
77698
77660
77663
77631
77699
77655
77831
77792
77838
77869
77745
77928
77729
77914
77742
78111
78163
77936
77975
78087
78158
78122
78128
78222
78187
78199
78252
78346
78204
78350
78490
78477
78721
78405
78718
78446
78841
78763
78790
78753
78872
78723
78754
78771
78869
78902
78975
78916
78875
79010
78908
79063
79013
78950
79227
79239
79073
79152
79123
79135
79219
79100
79221
79268
79261
79368
79400
79417
79271
79285
79489
79522
79510
79501
79470
79472
79579
79576
79550
79484
79590
79596
79640
79668
79592
79638
79688
79588
79679
79807
79813
79714
79766
79817
79802
79781
79844
79945
80024
80025
80031
79948
79826
80130
80157
80117
80120
80040
80148
80097
80057
80139
80474
80319
80339
80436
80388
80408
80360
80421
80487
80503
80492
80520
80539
80610
80516
80728
80711
80736
80661
80684
80716
80653
80678
80741
80761
80752
80827
80801
80749
80798
80850
80819
80855
80863
80907
81031
80889
81036
80904
80861
80895
81071
81150
81207
81163
81159
81187
81114
81269
81283
81237
81353
81383
81398
81250
81573
81534
81613
81455
81547
81568
81499
81480
81698
81738
81617
81748
81760
81696
81777
82089
82009
82085
82000
81874
81974
82031
82138
82269
82263
82377
82288
82340
82250
82429
82405
82477
82427
82382
82418
82432
82479
82467
82449
82594
82640
82517
82644
82495
82509
82498
82783
82766
82736
82776
82817
82846
82700
82782
82951
82900
82964
82869
82926
82910
82949
83000
83131
83081
83089
83111
82970
83015
83352
83190
83248
83284
83281
83169
83387
83550
83629
83619
83630
83641
83530
83449
83694
83702
83678
83833
83652
83851
83767
83806
83929
84049
83987
83972
83960
83869
84021
83906
83946
84296
84237
84088
84234
84335
84266
84522
84434
84516
84357
84503
84504
84412
84422
84556
84737
84589
84777
84637
84602
84747
84695
84726
84855
84865
84809
84805
84788
84821
84787
84783
85154
85037
85121
84892
84917
85106
85127
85159
85248
85180
85346
85354
85334
85210
85276
85244
85461
85407
85470
85382
85404
85450
85496
85549
85838
85542
85701
86036
86066
85980
86022
85970
86203
86087
86197
86190
86216
86154
86200
86192
86250
86356
86312
86336
86244
86361
86251
86320
86325
86355
86373
86393
86429
86443
86425
86423
86397
86366
86589
86510
86605
86543
86465
86541
86567
86494
86551
86946
86859
86873
86661
86927
86886
86637
86837
86961
86960
86994
87034
86993
86998
86987
86969
87137
87075
87056
87050
87182
87042
87144
87130
87363
87332
87265
87233
87222
87262
87231
87355
87464
87635
87452
87538
87428
87469
87544
87451
87425
87800
87682
87727
87789
87781
87666
87756
88024
87910
88007
87821
88011
87985
87951
87932
87995
88074
88099
88172
88247
88206
88146
88269
88256
88170
88103
88272
88315
88461
88323
88680
88286
88727
88763
88771
88683
88758
88707
88851
88931
88847
88846
88889
88933
89013
88993
88987
89003
88944
89017
89009
89015
89177
89072
89126
89160
89114
89173
89153
89155
89175
89206
89420
89312
89348
89276
89346
89371
89393
89652
89629
89461
89619
89643
89603
89444
89523
89504
89798
89755
89730
89748
89746
89791
89670
89686
89716
89767
89880
89885
89838
89901
89847
89822
89877
89881
89945
90015
89960
89927
89981
89907
89941
89908
90056
90098
90022
90110
90095
90021
90094
90203
90327
90180
90248
90305
90249
90213
90557
90329
90583
90357
90366
90563
90555
90633
90585
90713
90660
90605
90685
90830
90848
90738
90771
90774
90728
90735
90729
90852
90956
90887
90886
90967
90888
90863
90955
90849
90985
91024
91080
91059
91091
91042
91055
91188
91223
91187
91203
91149
91151
91217
91129
91164
91369
91229
91278
91326
91374
91419
91306
91541
91544
91499
91431
91474
91554
91445
91472
91497
91428
91699
91647
91575
91680
91605
91637
91635
91557
91738
91799
91786
91777
91828
91790
91763
91814
91877
91954
91949
91886
91983
92042
92090
92038
91993
92086
92067
92007
92085
92147
92226
92260
92106
92112
92214
92099
92240
92272
92263
92324
92494
92493
92273
92546
92605
92532
92513
92585
92550
92571
92603
92675
92637
92627
92632
92695
92641
92618
92656
92666
92796
92834
92798
92699
92842
92718
92804
92897
92925
92857
92890
92965
92906
92880
92948
92972
93051
93058
93066
93046
92991
93072
93010
93036
92974
93105
93075
93073
93177
93137
93209
93185
93191
93186
93223
93239
93409
93426
93435
93305
93378
93389
93260
93507
93578
93565
93605
93493
93512
93690
93677
93638
93692
93660
93640
93629
93624
93648
93608
93737
93776
93779
93756
93693
93777
93713
93748
93771
93894
93822
93818
93828
93870
93886
93936
93940
94020
93978
94012
94006
93949
94025
94008
94033
94074
94137
94072
94138
94057
94082
94142
94155
94226
94169
94291
94318
94331
94315
94594
94602
94336
94593
94375
94608
94668
94663
94612
94631
94625
94694
94606
94746
94721
94731
94737
94739
94716
94783
94747
94761
94824
94846
94799
94868
94884
94862
94791
94812
94894
94890
94910
94919
94924
94889
94933
95016
94947
94964
94961
94963
94979
95179
95188
95174
95088
95107
95238
95253
95243
95271
95270
95246
95294
95304
95333
95348
95327
95496
95488
95441
95444
95454
95448
95467
95489
95468
95484
95647
95626
95599
95583
95560
95631
95638
95532
95593
95742
95690
95800
95774
95649
95705
95654
95652
95925
95927
95989
95897
95882
95936
95916
95990
95953
96018
96030
96028
96073
96061
96037
96003
95993
96101
96163
96119
96094
96098
96219
96118
96193
96454
96283
96316
96295
96256
96223
96324
96310
96507
96463
96734
96487
96548
96486
96787
96754
96895
96926
96794
96874
97027
97045
96943
97044
96928
97138
97116
97166
97095
97108
97195
97202
97123
97179
97100
97216
97240
97239
97276
97235
97211
97244
97261
97372
97383
97328
97457
97441
97366
97351
97388
97336
97539
97495
97530
97523
97499
97557
97474
97500
97481
97637
97662
97567
97670
97576
97659
97579
97570
97635
97613
97737
97758
97722
97778
97757
97733
97731
97770
97967
97814
97815
97910
97965
97858
97880
97940
98022
98067
98105
98090
98097
98051
98084
97981
98206
98168
98184
98213
98282
98260
98343
98320
98219
98309
98384
98471
98439
98385
98368
98382
98536
98520
98513
98575
98627
98524
98621
98519
98678
98635
98645
98837
98800
98708
99012
98994
98967
98987
98999
99005
98966
98898
99121
99128
99091
99044
99077
99073
99088
99165
99266
99200
99248
99197
99329
99316
99399
99365
99334
99342
99512
99558
99450
99528
99493
99429
99575
99669
99652
99582
99615
99595
99581
99623
99653
99578
99739
99697
99674
99699
99673
99731
99703
99700
99791
99750
99819
99797
99743
99762
99850
99785
99776
99800
99994
100053
100029
99864
99857
100050
99892
100046
100140
100054
100150
100135
100114
100157
100095
100143
100201
100263
100196
100280
100224
100216
100232
100211
100301
100404
100475
100395
100442
100403
100332
100436
100419
100405
100485
100600
100514
100507
100502
100477
100594
100530
100486
100519
100670
100680
100611
100605
100685
100814
100691
100827
100822
100777
100758
100797
100944
100935
100828
100873
100963
100928
101272
101244
101316
100998
101004
101428
101444
101329
101410
101318
101414
101356
101437
101376
101465
101492
101453
101452
101507
101595
101516
101523
101529
101560
101587
101590
101606
101669
101616
101605
101677
101748
101745
101787
101757
101783
101761
101764
101733
101775
101701
101862
101902
101891
101898
101889
101912
101821
101846
102057
101969
102005
101921
101984
102011
102004
102103
102299
102250
102293
102059
102116
102258
102370
102469
102443
102416
102460
102388
102303
102411
102585
102485
102573
102510
102494
102500
102492
102558
102685
102614
102631
102603
102609
102598
102593
102590
102753
102713
102757
102768
102744
102789
102797
102749
102721
102820
102798
102926
102945
102915
102825
102943
102879
103060
103016
103003
103157
102975
103039
103125
103064
103007
103266
103251
103295
103285
103186
103241
103678
103516
103705
103596
103617
103671
103767
103759
103786
103791
103776
103747
103827
103772
103743
103873
103855
103872
103919
103924
103950
103905
103935
103859
104040
104009
103973
103976
103957
103994
104114
104215
104053
104178
104070
104147
104187
104181
104073
104107
104362
104231
104254
104348
104321
104275
104257
104346
104291
104237
104412
104431
104507
104452
104549
104662
104647
104558
104605
104652
104573
104782
104695
104692
104688
104684
104756
104779
104691
104923
104839
104868
104905
104802
104922
104850
105112
105107
104990
105017
104952
105104
105219
105236
105211
105217
105226
105191
105151
105156
105165
105327
105411
105414
105428
105271
105391
105275
105356
105417
105483
105450
105435
105466
105569
105488
105481
105629
105602
105616
105644
105636
105585
105665
105604
105789
105851
105699
105813
105793
105885
106223
106203
106226
106057
106220
106104
106292
106332
106246
106309
106315
106336
106333
106364
106341
106376
106387
106375
106356
106393
106469
106417
106452
106453
106500
106489
106519
106598
106664
106627
106660
106544
106559
106613
106673
106677
106676
106697
106689
106770
106753
106877
106868
106856
106881
106834
106873
106913
106966
107004
106926
106977
106965
106980
106918
106941
106936
107007
107057
107050
107027
107091
107096
107131
107165
107120
107146
107099
107206
107209
107207
107254
107247
107286
107290
107211
107212
107387
107358
107478
107443
107471
107473
107438
107311
107302
107504
107563
107596
107594
107554
107497
107614
107611
107653
107630
107659
107665
107626
107617
107616
107613
107719
107727
107731
107798
107746
107688
107750
107756
107818
107843
107822
107840
107889
107863
107920
107808
108002
107927
108071
107978
107952
108065
108122
107985
107953
108037
108171
108169
108160
108170
108147
108148
108149
108185
108255
108265
108186
108308
108330
108333
108358
108442
108328
108451
108395
108550
108515
108539
108565
108517
108500
108473
108670
108614
108650
108624
108609
109034
108941
109035
109045
109021
109015
109040
109198
109093
109117
109068
109206
109190
109049
109066
109287
109297
109279
109254
109219
109303
109361
109402
109348
109412
109369
109370
109374
109450
109445
109480
109474
109484
109493
109424
109456
109439
109578
109553
109520
109504
109555
109593
109506
109579
109508
109688
109707
109683
109676
109609
109644
109759
109830
109798
109758
109771
109836
109731
109783
109813
109831
109890
109936
109842
109906
109962
110027
110057
110006
110008
110005
110014
110093
110081
110099
110097
110076
110071
110066
110216
110146
110123
110157
110213
110299
110329
110365
110308
110305
110367
110322
110364
110363
110300
110395
110442
110516
110399
110391
110413
110438
110612
110622
110613
110527
110598
110546
110570
110647
110631
110722
110638
110669
110632
110678
110729
110932
110907
110891
110912
110857
110889
111019
110978
110950
110989
110963
111003
110955
110939
111157
111156
111149
111143
111111
111070
111158
111205
111194
111255
111256
111257
111271
111187
111272
111293
111333
111323
111282
111301
111280
111400
111418
111486
111408
111419
111477
111512
111503
111507
111454
111590
111579
111562
111693
111686
111667
111549
111742
111797
111732
111735
111800
111701
112130
112281
112255
112257
111999
111903
112147
112373
112384
112346
112313
112302
112401
112379
112427
112461
112453
112442
112471
112431
112499
112435
112579
112541
112513
112537
112553
112573
112642
112619
112651
112637
112625
112682
112722
112679
112697
112701
112716
112654
112744
112715
112778
112772
112757
112760
112818
112767
112792
112896
112851
112887
112857
112939
112870
112923
112966
112913
113041
113089
113028
113071
113118
113153
113149
113114
113117
113158
113101
113281
113253
113269
113228
113199
113305
113326
113321
113292
113399
113362
113303
113347
113464
113442
113416
113463
113451
113429
113576
113475
113540
113526
113552
113501
113492
113676
113674
113650
113691
113627
113677
113596
113670
113617
113729
113737
113819
113720
113808
113718
113749
113762
113936
113870
113896
113862
113947
113849
113971
113972
114048
113957
113984
113965
114069
114057
114086
114117
114168
114194
114272
114279
114129
114148
114234
114214
114417
114416
114369
114323
114287
114319
114345
114418
114469
114508
114478
114437
114436
114576
114614
114594
114660
114563
114558
114726
114728
114681
114736
114690
114694
114663
114709
114787
114808
114781
114745
114788
114805
114814
114798
114746
114885
114863
114928
114887
114924
114857
114825
114938
114996
115012
115167
115471
115234
115438
115398
115472
115491
115288
115321
115610
115580
115600
115493
115536
115624
115530
115678
115640
115632
115633
115697
115639
115685
115644
115783
115725
115736
115832
115734
115744
115751
115886
115857
115885
115851
115862
115952
115928
115986
115907
115964
115963
115985
115940
115956
115906
116033
116040
116095
115988
115994
116066
116147
116136
116126
116151
116130
116164
116213
116242
116225
116168
116259
116209
116193
116312
116311
116289
116260
116261
116295
116277
116308
116367
116390
116409
116322
116320
116361
116353
116421
116313
116564
116571
116493
116508
116531
116442
116601
116606
116607
116630
116629
116631
116754
116695
116692
116684
116707
116650
116683
116790
116823
116791
116768
116827
116767
116756
116928
116882
116922
116835
116861
116845
116839
116860
116905
116996
116985
116953
116950
117060
116999
117002
117151
117108
117093
117104
117107
117091
117201
117132
117247
117283
117296
117218
117260
117293
117202
117359
117318
117331
117333
117336
117372
117381
117509
117397
117437
117427
117398
117468
117477
117473
117438
117561
117523
117608
117571
117603
117589
117620
117631
117628
117619
117665
117622
117658
117666
117688
117621
117765
117786
117802
117731
117737
117724
117718
117705
117817
117883
117910
117905
117901
118040
117958
117924
117965
117979
118111
118055
118073
118043
118147
118113
118117
118044
118301
118163
118414
118158
118556
118540
118541
118548
118460
118539
118526
118632
118570
118643
118636
118566
118586
118617
118615
118688
118682
118647
118673
118665
118661
118655
118663
118736
118691
118689
118734
118698
118744
118708
118760
118749
118756
118772
118771
118751
118750
118819
118798
118824
118799
118789
118818
118887
118845
118884
118880
118859
118842
118863
118892
118900
118926
118929
118927
118894
118928
118998
118966
119013
118942
118949
118956
118957
118954
119038
119057
119062
119053
119051
119115
119094
119081
119080
119086
119079
119114
119098
119142
119174
119137
119125
119152
119123
119127
119173
119177
119164
119214
119209
119239
119190
119237
119223
119210
119229
119283
119303
119256
119282
119280
119305
119248
119304
119272
119345
119320
119360
119310
119349
119311
119336
119324
119365
119375
119395
119427
119428
119381
119361
119461
119432
119485
119488
119501
119465
119448
119560
119534
119528
119527
119558
119506
119592
119572
119578
119594
119567
119588
119644
119632
119668
119654
119640
119643
119675
119682
119699
119709
119683
119723
119698
119715
119707
119718
119695
119773
119792
119731
119784
119815
119746
119807
119778
119832
119843
119825
119842
119891
119874
119879
119908
119934
119901
119935
119906
119925
119910
119896
119937
120004
119951
119978
119991
119994
119942
120082
120090
120056
120034
120036
120088
120053
120032
120109
120110
120112
120122
120115
120102
120126
120111
120184
120151
120142
120176
120188
120164
120148
120131
120152
120201
120274
120257
120255
120265
120202
120263
120347
120323
120321
120318
120324
120338
120389
120363
120434
120401
120408
120382
120461
120479
120453
120458
120456
120483
120490
120484
120449
120496
120536
120520
120514
120550
120601
120577
120587
120584
120576
120595
120610
120618
120609
120617
120616
120604
120611
120619
120623
120631
120633
120657
120660
120646
120632
120634
120654
120687
120683
120686
120706
120685
120695
120701
120684
120703
120725
120711
120731
120710
120737
120741
120724
120716
120707
120768
120772
120746
120770
120744
120755
120742
120751
120773
120786
120788
120801
120787
120777
120794
120784
120797
120789
120815
120841
120828
120831
120820
120834
120832
120823
120844
120885
120857
120855
120856
120867
120879
120877
120891
120901
120912
121765
120903
120917
120902
120899
120906
122728
122541
122082
122933
122151
121804
123209
123003
123278
123044
123092
123987
123815
123964
123755
123948
123865
125022
124298
124770
124595
124879
124198
124207
125659
125879
126100
125971
125711
125439
126388
126220
127288
127357
126916
126859
126886
128445
127536
127722
127723
128278
129290
128985
128853
129332
129868
130018
130297
131566
130827
131646
131620
130623
132512
132905
132910
131857
131704
133122
134028
133240
133093
133170
133046
133751
134619
134928
134664
134084
134067
135037
134618
134633
137279
137079
135706
136153
138097
138304
137523
137386
137799
137338
139134
138510
138524
138703
139462
139388
139362
139239
139151
139414
140397
140340
140352
139564
140384
139615
139809
139654
141122
140888
141109
142181
141907
142242
142244
142032
141824
142192
142201
143746
143127
142998
142342
143808
142688
144117
144550
144604
144168
144142
144120
144964
144622
145033
144814
144640
145487
145653
146316
145893
145503
145681
146455
146247
146675
147612
147004
146990
147800
149261
150216
149215
149151
149367
149573
148631
150111
150992
150377
150433
150915
151137
151121
151582
151738
151804
152139
154443
154420
154506
155267
155796
155776
155388
155975
156812
156587
156182
156841
156849
156323
156588
157122
157044
157117
157171
157191
157208
157503
158030
157262
157366
157472
158011
157583
157339
158302
158446
158493
158371
158583
159060
158714
158983
158811
159097
159432
159273
159382
159291
159272
160184
160216
159696
159920
160338
160127
160236
159784
160644
160611
160797
160672
160916
161081
161083
160862
161100
161010
161860
161970
162661
162503
162360
162710
162677
162625
162909
163187
162983
162874
163025
162711
162830
163651
163639
163579
163676
164212
164052
164181
164114
164085
164877
164538
164312
164982
164683
164912
164550
165832
165773
165854
165859
165662
165998
165874
166175
166013
166110
166792
166485
166287
166604
166396
166896
166813
167038
167006
166924
167139
167404
167260
167147
167261
167565
167757
167758
167427
167903
167988
168122
168172
168355
168501
168331
168264
168629
168786
168504
168794
168987
169222
169929
170544
169828
170691
170351
169547
171580
171363
171356
171410
172495
172156
172345
172493
171804
173102
172684
172761
172610
172711
172543
173716
174398
174330
174480
173906
174707
175394
174792
175159
174708
174856
176809
175877
175880
177068
176269
177262
177625
177876
178737
178868
177971
179116
179841
179110
178998
179473
180837
180093
180734
180052
180793
180073
181151
181196
181547
181315
181199
181288
181689
181852
181912
182352
182295
182508
181865
182225
182361
181875
182000
181984
182789
183659
183678
183523
183892
184791
184424
184503
184858
185371
184907
185125
185481
185014
186730
186508
186151
188030
187696
187393
187859
187512
187738
188503
188640
188766
190138
189456
189192
189238
189071
190332
190419
190374
190611
190524
191037
190798
191397
190861
191043
191655
191996
192071
192194
192023
191754
192614
192263
192335
192657
192788
193253
194218
193560
194314
194342
194368
195231
195234
195753
195778
195714
196106
195945
196931
196229
196158
196223
196216
197273
198279
198021
199481
199554
198386
198781
200809
200669
200469
200550
200720
200768
200529
201517
200849
201922
202470
202152
202478
203009
202677
203755
203975
203672
203632
203408
204313
204626
204700
204137
204175
205000
205271
204824
204946
205461
205214
206420
206334
206314
206275
206367
206636
206013
207201
206660
206917
206963
206921
206990
207805
208092
208178
208990
209013
209264
209163
209322
209440
209144
209958
210065
209475
210070
209933
210075
210727
210358
210945
211126
211286
211718
210916
211915
212346
212380
212338
211938
212235
212533
212132
212720
212579
212815
212742
213245
212892
213149
212826
212985
213775
214555
214178
213847
214950
215129
215545
215245
215111
215369
216605
216048
216214
216621
216578
215785
216990
216625
217019
216800
216707
216772
217119
217579
217630
218127
218378
218182
217869
218379
218505
218839
218625
218581
218533
218619
218922
218896
218864
218967
219699
219400
219653
219374
220099
219952
219822
219965
219887
220172
220100
219854
220218
220644
220580
220608
220627
220827
220832
220726
221069
221111
222012
221768
221799
221889
222150
222812
222024
222270
222355
224102
223268
224077
223897
222850
224853
224471
225515
226663
226204
226872
226009
226771
226935
226874
227538
227277
228242
227005
228786
229260
229002
229397
230098
230011
229440
229548
230030
230591
233298
232083
232500
231775
231402
231844
233841
234000
233687
233422
233469
233600
234837
234354
234288
234829
234137
234853
235297
235154
235327
234988
236027
236019
236388
236157
236034
235681
236493
236784
236576
236638
238112
237993
237534
237539
238948
238546
238552
238380
239381
239507
239641
239234
239395
240149
240684
240402
240462
240510
240468
240515
240119
240880
241073
241025
240913
240900
242423
241303
242193
241527
242998
243133
242527
243155
242572
243255
243609
243585
243736
243876
243862
244000
243655
243794
243664
244244
244504
244479
244283
244353
244316
244476
244870
245046
244970
244975
245280
245479
245562
245120
245090
245238
246002
246266
245837
245844
246498
246134
246734
246645
246578
246641
246765
246544
246644
247303
247380
247196
247586
246989
247425
248001
248216
247911
248126
248012
248185
248617
249380
248912
249371
248667
248828
249478
250037
250081
250052
249853
249462
249854
250313
250323
250347
250292
250202
250310
250468
250371
250483
250478
250415
251005
250798
250720
250809
250934
251434
251127
251094
251114
251806
251654
252076
252866
252147
252503
252684
252299
252501
253612
253658
252963
253126
253040
253474
253798
253839
254775
253688
253754
254481
253955
254872
255198
254871
255097
255212
255798
255653
255819
255896
256276
256359
256009
256380
257360
256415
256692
256524
257106
258463
258100
257885
258470
258223
258038
258153
257850
258850
258489
259153
259388
258960
258967
259446
259567
259685
259393
259484
260332
259974
260688
260136
259786
260320
260775
260866
261158
261203
261289
261311
261552
261983
262246
263101
262432
262396
262699
263728
263757
264395
264429
264319
263734
264508
265010
264734
264935
265116
265212
265018
265298
265208
265148
265349
265104
265666
265662
265632
265709
265930
265739
265591
266067
266697
266425
266465
266075
266408
266870
267248
266703
267116
266915
267363
267626
267913
268126
268374
268397
268380
269329
268696
269461
269483
269347
268695
270259
270291
270444
270288
270707
270919
271027
270846
271196
270980
271259
271367
271604
271798
272020
272147
272207
272152
272575
272440
272360
272736
272338
272790
273041
272979
273822
273719
273608
273689
273517
273799
274546
274468
274166
274659
273923
274407
275083
274812
275022
275137
274789
275039
275434
275491
275847
275719
275913
276744
275947
277371
276830
276816
276918
277044
277909
277615
278291
278488
278500
279065
278723
278634
278504
278823
279493
279730
279474
279113
279112
279967
280277
279781
280263
279977
280496
280491
280486
280380
280438
280696
280665
280870
280653
280523
280754
280674
280760
280969
281364
281334
281176
282120
282159
281718
282209
282178
282628
282934
282701
282659
282687
282698
282636
283422
283332
283084
283111
283426
283559
283509
283632
283832
283431
283991
283897
284066
284083
283877
284034
284203
284674
284573
284741
284837
284811
284978
284878
284929
284985
285280
285462
285531
285627
285492
285869
286106
285861
285906
286112
285958
286499
286516
286179
286306
286244
286623
286493
286476
286594
286635
286797
286921
286788
287594
287364
287537
287460
287140
287471
287846
287986
288039
287665
287934
287717
288480
288593
288441
288477
289229
289374
290057
290018
290002
289992
289873
290329
290296
290382
290507
290916
290664
290673
290662
290823
290879
291043
291341
292066
291538
291172
292506
292610
292542
292097
292497
292552
292490
293116
292644
293342
293662
293815
293416
293685
294154
294280
294252
293895
294696
294425
295004
295526
295238
295461
295432
295427
295368
295297
295254
296273
295725
295743
295578
297120
297144
297037
297753
297721
297181
297221
297162
297814
298238
298131
298293
298148
298296
298845
298814
298826
298482
299172
299117
299027
299458
299556
299977
299658
299594
299535
299930
299910
300214
300028
300295
300453
300270
300115
300015
300016
299988
300532
300556
300471
300620
301357
301254
301167
301199
301684
301893
301727
301454
301414
301848
302640
302674
302758
303120
303326
303461
303933
303633
303714
303830
304120
304377
304391
303970
304141
304283
304363
304229
304262
304669
304711
304638
304678
304790
304664
304722
306047
305973
305206
306841
306522
306275
306651
306708
306597
307058
307213
307453
307351
307479
307901
307987
307639
308239
307553
307507
307535
308476
308379
308383
308508
308443
308305
308506
309061
309593
308671
308878
308644
309720
309820
310281
309698
309912
310357
310910
310778
311018
310924
310793
310952
311289
311320
311648
311730
311519
312189
312318
312549
312358
312841
312700
313016
313597
312886
313196
314166
313911
313680
314111
313844
314063
314097
314725
314170
314331
314431
314942
314519
314676
314412
315110
315327
315930
314979
316465
316396
316654
315983
316023
316272
316356
316829
317198
317042
316732
316824
317521
317226
317968
317910
318034
317718
317640
317719
318403
318068
318202
318497
318627
318411
318181
318997
318649
319020
318974
318871
318850
319563
319736
319524
319262
319531
319343
319061
319758
320193
319970
319901
320241
319769
321442
320691
322259
321711
322289
322589
323246
323033
322653
322645
323013
323298
323642
323807
323572
324216
323939
324127
324197
324133
324532
324554
325258
324937
324619
324952
325055
325948
325733
325805
325761
325703
325618
325655
326121
326576
326208
327137
327036
326977
327247
328589
328538
327775
328099
328828
328998
329030
329028
329106
328877
329330
329388
329200
329162
329691
329390
329393
329913
329774
329717
330760
330634
330602
330229
330243
330267
330829
331068
330904
331992
331632
331468
331851
331509
331639
331338
332452
332379
332285
332605
333764
332375
334754
335266
335245
335121
335119
335013
337579
337103
335438
335345
335563
336325
335351
337592
337717
337697
337710
337721
337593
337917
337909
337876
337824
337851
337879
337812
337945
338096
337960
338075
338077
338097
338139
338290
338249
338135
338109
338337
338526
338325
338467
338512
338565
338769
339135
338852
339034
339294
339412
339357
339579
339489
339918
340163
340137
340376
340012
342108
340377
341535
340477
342508
342835
342167
343095
344487
343594
343818
343449
345543
345950
345032
345185
344864
345549
345591
346039
346723
346800
346491
346094
346156
346578
346952
347246
347332
347304
347416
347779
347751
348031
348124
348225
348448
348529
349703
349333
349683
349260
349825
349416
349903
350258
350811
349889
351299
352277
351977
351817
352520
353142
353104
352465
352994
353965
353489
353818
353324
353969
354623
354766
354575
354538
355987
355323
355954
355364
355683
357054
356618
357139
357290
357037
357470
356721
357173
358349
357894
357585
357507
358135
357474
358590
359013
359476
360025
359517
360032
360009
359423
360845
360916
360130
361127
360486
361240
361696
362001
361668
361411
362227
362129
362269
362590
362270
362526
362511
362808
362480
363226
363473
363095
363290
363163
363472
363589
363768
363908
363532
364120
364045
364303
364961
364343
365125
365020
364517
365190
365514
365519
365270
365265
365658
366450
366526
366174
366527
366532
366701
366551
366627
367093
367110
366720
367188
367631
367854
367555
367479
367677
367913
368296
368578
368411
368447
368975
369281
368954
368909
368913
369838
369903
369672
369750
369702
369637
369918
370244
371735
370904
370754
370263
370082
372183
371920
372311
372279
371902
372334
372784
372588
372532
373856
373024
373163
373074
373587
374248
374184
374339
374277
374639
374848
374273
375560
375104
375063
374887
375173
375912
375562
375669
375611
376541
375840
376717
376568
377091
376591
377100
376890
377556
377191
377701
377744
377260
377713
378306
377992
378230
378194
377752
378661
378947
378793
378906
378431
378749
379871
379270
379217
379296
380366
379985
380485
379889
380275
380291
381348
382385
382077
382637
382011
382383
382937
382737
382734
383998
383694
383543
384832
385004
384533
384696
384783
384511
384833
385307
385278
385267
385690
385813
386423
385969
386064
387575
387564
387412
386792
387658
387736
387805
388285
388835
388473
388789
389912
389635
389326
388976
389074
390384
390272
390221
391198
391024
391418
391891
394783
392952
393602
394784
391872
395178
394786
395179
395565
395942
396690
396563
396271
397619
398094
398373
398378
398033
399877
398545
399663
398563
398868
401233
401519
400435
401504
402014
402114
401792
402348
401520
402417
402595
403217
402577
403168
402444
403508
403703
404202
404756
404552
405159
405061
406516
405507
406310
405496
405832
406977
407761
406695
406706
408196
407936
408056
409572
410006
409016
410454
410700
412366
412523
411291
412915
411295
411469
414078
415348
414762
415872
416424
415908
415978
416712
416243
417395
417791
418141
418131
418604
418362
418819
418460
418753
420304
420332
419846
419280
420683
423510
422950
423866
423505
423731
424934
424774
426535
425960
427541
426955
427166
428144
428441
429032
430659
430381
431733
431721
433367
433605
433588
434853
434908
433771
436724
437503
438205
439533
439707
439771
439806
442855
444723
445945
444626
443518
446069
445483
446724
446765
446733
448179
448120
448206
449897
449086
451824
451919
451850
453446
452573
451983
451957
452830
455507
457090
457671
457437
457993
461938
461830
467413
467488
471588
472219
471614
472221
472522
473479
475001
480345
481964
483180
492571
495900
487176
500188
534990
534986
534991
515691
534993
534997
534996
534998
534995
534994
568087
629565
579541
630129
647477
647474
647482
647498
647487
647514
647496
647484
647489
647486
647505
647494
647504
647515
662638
665723
677760
685628
701278
701207
748809
748829
749565
760497
766092
770177
791188
814086
875882
929552
993012
1734537
