0003740
0004707
0004972
0006333
0006864
0010040
0010418
0011387
0011439
0011841
0012349
0012532
0012752
0013257
0013556
0014538
0014646
0015064
0015163
0015400
0015532
0015648
0015863
0015864
0015873
0016039
0016220
0016308
0016461
0016630
0016654
0016847
0017136
0017416
0017423
0017668
0017765
0018033
0018183
0018773
0018876
0018935
0019130
0019254
0019286
0019415
0019421
0019760
0019777
0020030
0020269
0020530
0020640
0020668
0020691
0021079
0021165
0021409
0021577
0021749
0021814
0022100
0022150
0022158
0022286
0022458
0022599
0022718
0022867
0022879
0022913
0023027
0023042
0023158
0023238
0023245
0023285
0023293
0023622
0023649
0023694
0023911
0023948
0023969
0024083
0024166
0024481
0024844
0024852
0024906
0025316
0025318
0025452
0025456
0025586
0025748
0025878
0025919
0025929
0026029
0026071
0026097
0026174
0026252
0026424
0026643
0026752
0026778
0026983
0027125
0027194
0027260
0027286
0027311
0027336
0027459
0027527
0027532
0027552
0027623
0027630
0027652
0027698
0027849
0027884
0027977
0027996
0028010
0028092
0028096
0028167
0028212
0028231
0028333
0028346
0028597
0028683
0028772
0028773
0028818
0028950
0028988
0029047
0029146
0029162
0029284
0029322
0029440
0029546
0029604
0029606
0029608
0029808
0029843
0029850
0029852
0029870
0029947
0030055
0030138
0030341
0030371
0030386
0030637
0030993
0031022
0031047
0031088
0031210
0031225
0031235
0031252
0031334
0031359
0031385
0031397
0031398
0031455
0031491
0031505
0031580
0031593
0031602
0031650
0031679
0031725
0031742
0031762
0031826
0031867
0031885
0031971
0032143
0032152
0032209
0032234
0032281
0032284
0032290
0032383
0032455
0032475
0032484
0032520
0032551
0032553
0032599
0032612
0032701
0032762
0032881
0032904
0032910
0032976
0032993
0033021
0033028
0033045
0033149
0033152
0033253
0033317
0033373
0033467
0033532
0033563
0033717
0033729
0033804
0033836
0033870
0033922
0034012
0034055
0034116
0034172
0034175
0034248
0034277
0034303
0034405
0034409
0034415
0034498
0034742
0034746
0034889
0034928
0035093
0035160
0035169
0035211
0035238
0035244
0035262
0035272
0035279
0035317
0035318
0035369
0035417
0035432
0035446
0035447
0035530
0035567
0035575
0035583
0035746
0035753
0035763
0035896
0035897
0035939
0035957
0035966
0035979
0036092
0036094
0036098
0036152
0036172
0036182
0036241
0036244
0036261
0036323
0036342
0036348
0036349
0036377
0036443
0036613
0036653
0036672
0036705
0036706
0036709
0036723
0036824
0036868
0036910
0036931
0036962
0037008
0037017
0037059
0037077
0037094
0037101
0037120
0037150
0037168
0037193
0037212
0037248
0037280
0037303
0037323
0037343
0037365
0037382
0037466
0037514
0037515
0037522
0037536
0037547
0037576
0037627
0037630
0037702
0037794
0037795
0037800
0037826
0037865
0037884
0037913
0037954
0038008
0038056
0038080
0038107
0038109
0038116
0038120
0038160
0038235
0038259
0038279
0038289
0038300
0038303
0038348
0038355
0038360
0038417
0038427
0038494
0038499
0038559
0038574
0038589
0038622
0038650
0038661
0038718
0038762
0038769
0038776
0038777
0038787
0038854
0038873
0038988
0039017
0039095
0039111
0039152
0039169
0039190
0039192
0039204
0039224
0039277
0039286
0039302
0039305
0039335
0039404
0039416
0039420
0039431
0039566
0039589
0039628
0039631
0039645
0039655
0039661
0039677
0039689
0039694
0039698
0039725
0039737
0039739
0039748
0039776
0039853
0040068
0040098
0040160
0040185
0040202
0040308
0040427
0040458
0040491
0040506
0040522
0040550
0040552
0040580
0040613
0040636
0040662
0040664
0040679
0040705
0040724
0040725
0040746
0040806
0040823
0040843
0040866
0040897
0040919
0041090
0041094
0041098
0041113
0041158
0041163
0041268
0041361
0041429
0041498
0041503
0041507
0041509
0041530
0041546
0041587
0041594
0041699
0041716
0041792
0041841
0041859
0041866
0041923
0041944
0041958
0041959
0041967
0041996
0042004
0042039
0042041
0042171
0042192
0042200
0042208
0042276
0042327
0042367
0042376
0042447
0042451
0042477
0042524
0042539
0042546
0042593
0042609
0042644
0042646
0042648
0042650
0042692
0042727
0042788
0042869
0042876
0042895
0042897
0042994
0043014
0043067
0043137
0043194
0043274
0043278
0043313
0043362
0043386
0043456
0043461
0043465
0043503
0043526
0043547
0043565
0043614
0043618
0043725
0043733
0043757
0043762
0043778
0043887
0043899
0043915
0043924
0043961
0043972
0043983
0044000
0044008
0044030
0044040
0044081
0044121
0044207
0044230
0044231
0044386
0044391
0044410
0044413
0044420
0044486
0044502
0044509
0044517
0044557
0044573
0044621
0044672
0044706
0044741
0044744
0044760
0044762
0044789
0044829
0044837
0044876
0044888
0044916
0044926
0044954
0045061
0045094
0045125
0045152
0045162
0045177
0045186
0045205
0045251
0045274
0045317
0045464
0045537
0045546
0045551
0045555
0045564
0045591
0045592
0045607
0045609
0045659
0045679
0045699
0045793
0045810
0045826
0045877
0045883
0045891
0045897
0045917
0045919
0045963
0045991
0046004
0046054
0046066
0046126
0046183
0046187
0046213
0046247
0046248
0046250
0046303
0046359
0046435
0046438
0046451
0046487
0046534
0046642
0046658
0046672
0046719
0046754
0046807
0046808
0046816
0046828
0046834
0046874
0046889
0046899
0046907
0046911
0046912
0046951
0047086
0047127
0047162
0047264
0047396
0047437
0047478
0047522
0047529
0047542
0047559
0047573
0047574
0047580
0047643
0047647
0047673
0047688
0047708
0047795
0047811
0047834
0047860
0047880
0047885
0047889
0047892
0047956
0047985
0048021
0048034
0048140
0048182
0048204
0048215
0048248
0048254
0048261
0048280
0048281
0048312
0048316
0048317
0048342
0048356
0048380
0048401
0048424
0048434
0048445
0048473
0048491
0048527
0048535
0048563
0048593
0048604
0048605
0048641
0048673
0048700
0048728
0048729
0048750
0048801
0048937
0048954
0048966
0048977
0049004
0049023
0049038
0049041
0049055
0049117
0049169
0049170
0049189
0049233
0049261
0049279
0049291
0049301
0049314
0049366
0049406
0049414
0049452
0049470
0049471
0049513
0049531
0049653
0049674
0049777
0049782
0049833
0049934
0049966
0049967
0050053
0050083
0050084
0050086
0050095
0050105
0050147
0050171
0050177
0050188
0050197
0050212
0050271
0050280
0050292
0050301
0050306
0050307
0050322
0050330
0050356
0050371
0050379
0050383
0050393
0050397
0050407
0050419
0050458
0050468
0050490
0050500
0050567
0050585
0050599
0050610
0050613
0050629
0050631
0050634
0050658
0050659
0050699
0050706
0050763
0050782
0050783
0050792
0050814
0050825
0050839
0050858
0050861
0050870
0050894
0050933
0050985
0050986
0051036
0051077
0051087
0051134
0051201
0051207
0051301
0051337
0051381
0051383
0051406
0051418
0051429
0051496
0051516
0051525
0051554
0051658
0051666
0051739
0051745
0051750
0051756
0051758
0051773
0051776
0051808
0051818
0051819
0051845
0051878
0051911
0051913
0051994
0052002
0052027
0052080
0052106
0052151
0052182
0052216
0052225
0052278
0052293
0052320
0052357
0052365
0052427
0052442
0052530
0052561
0052564
0052572
0052600
0052619
0052655
0052702
0052722
0052738
0052782
0052847
0052862
0052888
0052893
0052896
0052902
0052905
0052911
0052948
0052954
0052993
0053001
0053002
0053044
0053084
0053085
0053108
0053114
0053115
0053133
0053134
0053137
0053143
0053146
0053172
0053183
0053221
0053226
0053270
0053291
0053317
0053318
0053337
0053351
0053352
0053361
0053363
0053390
0053434
0053459
0053472
0053559
0053571
0053580
0053600
0053604
0053619
0053622
0053644
0053645
0053666
0053716
0053719
0053768
0053779
0053793
0053796
0053804
0053825
0053833
0053841
0053848
0053882
0053946
0053957
0054022
0054033
0054047
0054067
0054086
0054098
0054127
0054135
0054167
0054176
0054188
0054189
0054195
0054198
0054205
0054215
0054248
0054310
0054331
0054333
0054345
0054357
0054371
0054387
0054389
0054390
0054407
0054412
0054417
0054428
0054453
0054469
0054483
0054594
0054673
0054692
0054698
0054743
0054757
0054759
0054805
0054850
0054853
0054944
0054953
0054988
0054997
0055018
0055031
0055047
0055069
0055093
0055100
0055184
0055200
0055207
0055232
0055233
0055256
0055257
0055277
0055294
0055312
0055353
0055471
0055499
0055572
0055597
0055614
0055623
0055630
0055673
0055686
0055719
0055728
0055797
0055805
0055824
0055830
0055832
0055850
0055858
0055871
0055884
0055892
0055894
0055895
0055913
0055916
0055928
0055950
0055972
0055992
0056023
0056048
0056052
0056058
0056059
0056085
0056093
0056095
0056172
0056193
0056196
0056197
0056215
0056217
0056218
0056241
0056255
0056262
0056283
0056291
0056300
0056370
0056406
0056417
0056436
0056443
0056552
0056575
0056579
0056580
0056592
0056633
0056663
0056671
0056673
0056676
0056714
0056736
0056800
0056801
0056875
0056891
0056905
0056907
0056923
0056956
0057007
0057063
0057071
0057076
0057083
0057093
0057115
0057134
0057163
0057168
0057187
0057191
0057193
0057197
0057251
0057259
0057261
0057295
0057312
0057328
0057344
0057345
0057358
0057360
0057372
0057413
0057427
0057443
0057465
0057490
0057495
0057518
0057523
0057542
0057546
0057565
0057569
0057578
0057580
0057581
0057590
0057603
0057611
0057693
0057697
0057790
0057811
0057812
0057831
0057840
0057869
0057917
0057950
0057997
0058018
0058083
0058085
0058092
0058100
0058105
0058126
0058142
0058150
0058212
0058213
0058230
0058249
0058257
0058265
0058279
0058283
0058329
0058331
0058355
0058371
0058379
0058390
0058414
0058438
0058440
0058450
0058453
0058456
0058461
0058529
0058534
0058536
0058557
0058567
0058571
0058576
0058586
0058604
0058620
0058621
0058672
0058694
0058708
0058715
0058725
0058756
0058777
0058832
0058886
0058888
0058898
0058930
0058947
0058962
0058983
0058997
0059017
0059026
0059043
0059044
0059084
0059095
0059106
0059113
0059124
0059166
0059183
0059229
0059243
0059245
0059246
0059250
0059255
0059269
0059287
0059297
0059303
0059309
0059319
0059358
0059362
0059399
0059415
0059418
0059465
0059470
0059527
0059550
0059557
0059558
0059563
0059573
0059578
0059643
0059646
0059673
0059709
0059740
0059749
0059793
0059794
0059796
0059817
0059825
0059872
0059878
0059885
0059895
0060086
0060089
0060095
0060107
0060138
0060153
0060164
0060176
0060177
0060182
0060196
0060200
0060218
0060232
0060271
0060277
0060278
0060287
0060345
0060371
0060390
0060420
0060424
0060429
0060453
0060463
0060464
0060481
0060491
0060522
0060550
0060560
0060636
0060637
0060648
0060665
0060672
0060708
0060748
0060802
0060814
0060841
0060862
0060884
0060897
0060921
0060934
0060955
0060980
0061015
0061089
0061094
0061107
0061135
0061170
0061177
0061184
0061189
0061287
0061359
0061385
0061395
0061407
0061418
0061439
0061452
0061489
0061512
0061523
0061581
0061584
0061589
0061591
0061595
0061610
0061653
0061683
0061715
0061722
0061733
0061735
0061736
0061747
0061749
0061758
0061770
0061781
0061787
0061809
0061810
0061811
0061834
0061847
0061856
0061882
0061931
0061937
0062138
0062153
0062168
0062177
0062362
0062380
0062414
0062467
0062472
0062480
0062512
0062518
0062570
0062622
0062626
0062695
0062708
0062711
0062728
0062737
0062755
0062760
0062765
0062776
0062790
0062793
0062794
0062803
0062824
0062861
0062870
0062883
0062885
0062886
0062909
0062952
0062979
0062985
0062994
0063013
0063032
0063035
0063049
0063051
0063056
0063060
0063091
0063121
0063185
0063210
0063227
0063297
0063341
0063350
0063356
0063374
0063404
0063415
0063442
0063459
0063518
0063522
0063557
0063592
0063595
0063611
0063634
0063642
0063663
0063665
0063671
0063678
0063683
0063688
0063715
0063759
0063800
0063821
0063823
0063829
0063962
0064002
0064045
0064100
0064110
0064116
0064117
0064118
0064122
0064137
0064177
0064180
0064276
0064323
0064363
0064373
0064381
0064395
0064397
0064417
0064418
0064449
0064505
0064536
0064588
0064603
0064615
0064622
0064639
0064652
0064665
0064699
0064708
0064780
0064782
0064785
0064827
0064840
0064861
0064875
0064893
0064939
0064940
0064975
0064990
0065054
0065063
0065073
0065088
0065125
0065126
0065134
0065143
0065150
0065163
0065206
0065215
0065233
0065234
0065294
0065377
0065399
0065416
0065421
0065462
0065482
0065528
0065531
0065537
0065566
0065579
0065611
0065651
0065687
0065724
0065738
0065761
0065777
0065780
0065797
0065836
0065916
0065922
0065936
0065938
0065981
0065988
0066001
0066011
0066016
0066031
0066049
0066064
0066090
0066115
0066130
0066181
0066193
0066206
0066249
0066266
0066327
0066344
0066402
0066407
0066412
0066449
0066450
0066471
0066473
0066479
0066482
0066550
0066563
0066565
0066578
0066579
0066580
0066602
0066603
0066652
0066701
0066702
0066740
0066765
0066769
0066808
0066817
0066830
0066831
0066832
0066834
0066863
0066892
0066921
0066952
0066960
0066989
0067017
0067052
0067065
0067085
0067093
0067116
0067128
0067133
0067148
0067164
0067185
0067204
0067216
0067219
0067229
0067309
0067314
0067328
0067333
0067334
0067350
0067372
0067411
0067445
0067458
0067483
0067525
0067527
0067580
0067588
0067589
0067592
0067595
0067713
0067727
0067741
0067800
0067803
0067805
0067809
0067810
0067848
0067881
0067893
0067927
0067950
0067959
0067962
0067992
0067995
0068058
0068072
0068146
0068156
0068164
0068168
0068182
0068190
0068235
0068240
0068245
0068257
0068271
0068273
0068278
0068284
0068290
0068309
0068315
0068317
0068326
0068327
0068334
0068361
0068370
0068371
0068421
0068424
0068441
0068457
0068458
0068473
0068502
0068505
0068519
0068575
0068595
0068612
0068615
0068617
0068622
0068638
0068646
0068650
0068659
0068687
0068688
0068699
0068713
0068718
0068767
0068786
0068805
0068833
0068853
0068866
0068897
0068909
0068931
0068950
0068990
0069001
0069005
0069048
0069058
0069087
0069089
0069097
0069113
0069121
0069191
0069197
0069198
0069257
0069280
0069281
0069291
0069293
0069332
0069372
0069393
0069449
0069467
0069612
0069632
0069647
0069754
0069762
0069765
0069822
0069823
0069824
0069833
0069834
0069865
0069890
0069895
0069897
0069945
0069946
0069947
0069958
0069966
0069976
0069990
0069994
0069995
0070016
0070061
0070063
0070085
0070112
0070115
0070121
0070165
0070169
0070190
0070212
0070233
0070239
0070242
0070290
0070291
0070294
0070297
0070300
0070328
0070334
0070354
0070355
0070379
0070460
0070481
0070509
0070510
0070622
0070640
0070643
0070656
0070666
0070679
0070689
0070698
0070707
0070726
0070735
0070819
0070821
0070825
0070849
0070895
0070902
0070903
0070909
0070915
0070917
0070935
0070947
0070948
0071005
0071024
0071115
0071130
0071141
0071145
0071207
0071216
0071222
0071230
0071240
0071249
0071266
0071269
0071274
0071276
0071315
0071334
0071402
0071411
0071424
0071431
0071437
0071458
0071487
0071508
0071514
0071517
0071519
0071523
0071524
0071532
0071544
0071562
0071565
0071571
0071577
0071583
0071598
0071604
0071607
0071622
0071628
0071671
0071679
0071688
0071695
0071706
0071737
0071746
0071762
0071771
0071772
0071807
0071824
0071853
0071866
0071877
0071910
0071913
0071935
0071970
0071994
0072021
0072034
0072041
0072081
0072157
0072195
0072211
0072226
0072231
0072251
0072271
0072272
0072288
0072305
0072308
0072317
0072325
0072351
0072353
0072354
0072402
0072403
0072409
0072417
0072424
0072439
0072502
0072539
0072564
0072653
0072684
0072687
0072730
0072732
0072735
0072737
0072747
0072820
0072829
0072848
0072856
0072860
0072869
0072890
0072895
0072926
0072951
0072969
0072976
0072979
0073018
0073019
0073076
0073092
0073109
0073113
0073114
0073160
0073169
0073172
0073195
0073208
0073240
0073282
0073312
0073324
0073340
0073341
0073345
0073373
0073424
0073440
0073453
0073486
0073540
0073596
0073600
0073605
0073629
0073636
0073675
0073692
0073697
0073705
0073707
0073722
0073747
0073756
0073760
0073778
0073802
0073812
0073817
0073820
0073822
0073858
0073880
0073941
0074006
0074102
0074119
0074152
0074156
0074174
0074205
0074206
0074207
0074235
0074254
0074256
0074258
0074281
0074285
0074287
0074292
0074412
0074422
0074441
0074452
0074454
0074475
0074479
0074483
0074486
0074503
0074512
0074554
0074564
0074593
0074597
0074599
0074608
0074621
0074626
0074633
0074653
0074670
0074695
0074703
0074706
0074730
0074746
0074747
0074749
0074751
0074777
0074798
0074802
0074806
0074811
0074812
0074851
0074860
0074870
0074888
0074896
0074899
0074901
0074916
0074923
0074937
0074958
0074968
0074972
0074991
0075005
0075029
0075066
0075132
0075148
0075161
0075165
0075177
0075213
0075232
0075244
0075261
0075268
0075276
0075314
0075357
0075359
0075378
0075419
0075439
0075472
0075476
0075513
0075520
0075557
0075610
0075612
0075622
0075653
0075669
0075670
0075675
0075686
0075696
0075704
0075718
0075754
0075765
0075784
0075807
0075824
0075913
0075925
0075930
0075931
0075936
0075968
0075989
0075995
0076009
0076028
0076044
0076054
0076059
0076070
0076095
0076100
0076104
0076109
0076111
0076112
0076137
0076155
0076164
0076167
0076172
0076211
0076221
0076257
0076271
0076299
0076301
0076342
0076363
0076398
0076446
0076451
0076489
0076504
0076517
0076535
0076538
0076543
0076578
0076618
0076636
0076666
0076704
0076706
0076716
0076734
0076740
0076752
0076759
0076786
0076822
0076843
0076913
0076929
0076941
0076944
0076983
0076994
0077004
0077060
0077132
0077138
0077147
0077199
0077228
0077235
0077280
0077289
0077304
0077305
0077321
0077360
0077362
0077369
0077372
0077394
0077402
0077414
0077416
0077451
0077474
0077504
0077512
0077523
0077530
0077538
0077549
0077559
0077572
0077578
0077588
0077598
0077617
0077621
0077629
0077631
0077651
0077655
0077660
0077663
0077681
0077696
0077698
0077699
0077713
0077729
0077742
0077745
0077792
0077830
0077831
0077838
0077869
0077914
0077928
0077936
0077975
0078062
0078087
0078111
0078122
0078128
0078155
0078158
0078163
0078187
0078199
0078204
0078205
0078222
0078238
0078241
0078252
0078346
0078350
0078405
0078437
0078446
0078477
0078490
0078509
0078672
0078683
0078718
0078721
0078723
0078753
0078754
0078763
0078771
0078790
0078841
0078850
0078869
0078872
0078875
0078902
0078908
0078916
0078950
0078975
0079010
0079013
0079035
0079063
0079073
0079100
0079123
0079135
0079152
0079168
0079219
0079221
0079227
0079239
0079257
0079261
0079268
0079271
0079285
0079336
0079368
0079400
0079417
0079429
0079470
0079472
0079484
0079489
0079501
0079510
0079522
0079550
0079576
0079579
0079588
0079590
0079592
0079596
0079638
0079640
0079668
0079679
0079688
0079709
0079714
0079754
0079758
0079766
0079781
0079788
0079802
0079807
0079813
0079817
0079822
0079826
0079843
0079844
0079894
0079945
0079948
0080024
0080025
0080031
0080040
0080057
0080097
0080117
0080120
0080130
0080139
0080148
0080157
0080262
0080319
0080339
0080360
0080380
0080388
0080391
0080408
0080421
0080436
0080474
0080487
0080492
0080503
0080507
0080516
0080520
0080539
0080610
0080634
0080645
0080653
0080661
0080678
0080684
0080694
0080711
0080716
0080728
0080736
0080738
0080741
0080749
0080752
0080761
0080771
0080798
0080801
0080819
0080827
0080850
0080855
0080861
0080863
0080881
0080889
0080895
0080904
0080907
0081031
0081036
0081063
0081071
0081112
0081114
0081150
0081159
0081163
0081186
0081187
0081207
0081216
0081237
0081250
0081259
0081269
0081283
0081353
0081376
0081383
0081398
0081433
0081444
0081455
0081480
0081499
0081534
0081547
0081568
0081573
0081613
0081617
0081635
0081696
0081698
0081738
0081748
0081751
0081752
0081760
0081777
0081874
0081974
0082000
0082001
0082009
0082031
0082085
0082089
0082121
0082138
0082220
0082250
0082263
0082269
0082288
0082316
0082340
0082353
0082367
0082377
0082382
0082405
0082418
0082427
0082429
0082432
0082449
0082467
0082477
0082479
0082495
0082498
0082509
0082517
0082592
0082594
0082612
0082622
0082640
0082644
0082700
0082736
0082763
0082766
0082770
0082776
0082782
0082783
0082817
0082846
0082862
0082869
0082894
0082900
0082910
0082924
0082926
0082949
0082951
0082964
0082970
0083000
0083015
0083019
0083033
0083081
0083089
0083111
0083131
0083163
0083169
0083190
0083201
0083248
0083281
0083284
0083352
0083365
0083366
0083387
0083449
0083501
0083530
0083542
0083550
0083590
0083619
0083629
0083630
0083641
0083652
0083678
0083690
0083694
0083702
0083762
0083767
0083806
0083833
0083851
0083869
0083906
0083929
0083946
0083960
0083967
0083972
0083987
0084021
0084049
0084058
0084088
0084090
0084133
0084234
0084237
0084264
0084266
0084296
0084335
0084357
0084395
0084412
0084422
0084434
0084472
0084503
0084504
0084516
0084522
0084556
0084582
0084589
0084602
0084637
0084695
0084726
0084737
0084747
0084777
0084783
0084786
0084787
0084788
0084805
0084809
0084821
0084855
0084865
0084869
0084892
0084917
0085031
0085037
0085044
0085077
0085106
0085121
0085127
0085154
0085159
0085180
0085210
0085244
0085248
0085266
0085276
0085334
0085346
0085354
0085356
0085363
0085380
0085382
0085404
0085407
0085426
0085450
0085461
0085470
0085496
0085542
0085549
0085568
0085595
0085692
0085701
0085704
0085838
0085868
0085871
0085873
0085919
0085970
0085980
0086011
0086017
0086022
0086036
0086066
0086087
0086140
0086154
0086190
0086192
0086197
0086200
0086203
0086216
0086220
0086244
0086250
0086251
0086312
0086320
0086325
0086336
0086355
0086356
0086361
0086366
0086373
0086393
0086397
0086405
0086423
0086425
0086429
0086443
0086452
0086465
0086494
0086510
0086541
0086543
0086551
0086567
0086589
0086593
0086605
0086637
0086661
0086823
0086837
0086859
0086873
0086886
0086927
0086946
0086955
0086960
0086961
0086969
0086987
0086993
0086994
0086998
0087010
0087015
0087034
0087042
0087050
0087056
0087065
0087075
0087127
0087130
0087137
0087144
0087182
0087222
0087231
0087233
0087262
0087265
0087332
0087342
0087355
0087363
0087400
0087425
0087428
0087451
0087452
0087464
0087469
0087470
0087538
0087544
0087635
0087666
0087682
0087727
0087756
0087781
0087789
0087796
0087798
0087800
0087810
0087821
0087910
0087932
0087951
0087985
0087995
0088001
0088007
0088011
0088024
0088074
0088099
0088103
0088146
0088170
0088172
0088206
0088247
0088256
0088269
0088272
0088286
0088292
0088300
0088315
0088323
0088379
0088461
0088483
0088680
0088683
0088701
0088707
0088727
0088736
0088758
0088763
0088771
0088775
0088782
0088846
0088847
0088851
0088885
0088888
0088889
0088912
0088931
0088933
0088943
0088944
0088987
0088993
0089003
0089009
0089013
0089015
0089017
0089048
0089050
0089072
0089114
0089126
0089153
0089155
0089160
0089173
0089175
0089177
0089206
0089222
0089239
0089264
0089276
0089312
0089346
0089348
0089371
0089393
0089420
0089444
0089461
0089504
0089523
0089601
0089603
0089619
0089629
0089643
0089652
0089670
0089686
0089716
0089730
0089746
0089748
0089755
0089767
0089791
0089798
0089816
0089822
0089823
0089838
0089847
0089877
0089880
0089881
0089885
0089901
0089907
0089908
0089927
0089941
0089945
0089960
0089981
0089991
0090005
0090015
0090021
0090022
0090036
0090056
0090094
0090095
0090098
0090110
0090112
0090151
0090180
0090196
0090203
0090213
0090223
0090248
0090249
0090270
0090305
0090327
0090329
0090357
0090366
0090454
0090500
0090509
0090555
0090557
0090563
0090583
0090585
0090605
0090627
0090633
0090660
0090666
0090685
0090693
0090710
0090713
0090728
0090729
0090735
0090738
0090771
0090774
0090775
0090799
0090830
0090848
0090849
0090852
0090863
0090886
0090887
0090888
0090934
0090955
0090956
0090967
0090985
0090994
0091024
0091042
0091055
0091059
0091080
0091091
0091106
0091118
0091129
0091149
0091151
0091164
0091187
0091188
0091203
0091217
0091223
0091224
0091229
0091278
0091306
0091326
0091369
0091374
0091382
0091383
0091387
0091419
0091428
0091431
0091445
0091472
0091474
0091497
0091499
0091541
0091544
0091554
0091557
0091575
0091579
0091605
0091635
0091637
0091647
0091680
0091699
0091725
0091738
0091763
0091777
0091786
0091790
0091794
0091799
0091814
0091828
0091836
0091877
0091886
0091902
0091920
0091934
0091949
0091954
0091983
0091990
0091991
0091993
0092007
0092028
0092035
0092038
0092042
0092067
0092085
0092086
0092090
0092099
0092106
0092112
0092133
0092147
0092214
0092226
0092239
0092240
0092260
0092263
0092272
0092273
0092319
0092324
0092353
0092378
0092455
0092493
0092494
0092513
0092532
0092546
0092550
0092571
0092580
0092585
0092603
0092605
0092608
0092618
0092627
0092632
0092637
0092641
0092652
0092656
0092666
0092675
0092695
0092699
0092710
0092718
0092735
0092796
0092798
0092804
0092834
0092842
0092854
0092857
0092860
0092880
0092890
0092897
0092906
0092925
0092948
0092965
0092972
0092974
0092991
0093010
0093011
0093036
0093046
0093051
0093058
0093066
0093072
0093073
0093075
0093105
0093106
0093130
0093137
0093142
0093166
0093175
0093177
0093185
0093186
0093191
0093200
0093209
0093215
0093220
0093223
0093227
0093238
0093239
0093260
0093305
0093378
0093389
0093405
0093409
0093418
0093426
0093435
0093476
0093477
0093493
0093507
0093512
0093565
0093578
0093582
0093596
0093605
0093608
0093624
0093629
0093638
0093640
0093648
0093660
0093677
0093690
0093692
0093693
0093713
0093737
0093748
0093756
0093771
0093776
0093777
0093779
0093811
0093818
0093822
0093828
0093854
0093870
0093886
0093894
0093935
0093936
0093940
0093949
0093978
0093990
0093991
0093996
0094006
0094008
0094012
0094020
0094025
0094033
0094056
0094057
0094072
0094074
0094077
0094082
0094089
0094137
0094138
0094142
0094155
0094169
0094226
0094288
0094291
0094300
0094315
0094318
0094331
0094336
0094375
0094500
0094531
0094562
0094576
0094593
0094594
0094596
0094602
0094606
0094608
0094612
0094625
0094631
0094642
0094663
0094668
0094694
0094712
0094716
0094721
0094724
0094731
0094737
0094739
0094746
0094747
0094761
0094783
0094791
0094799
0094812
0094822
0094824
0094846
0094860
0094862
0094868
0094884
0094889
0094890
0094894
0094910
0094919
0094924
0094930
0094933
0094935
0094941
0094947
0094955
0094961
0094962
0094963
0094964
0094979
0095016
0095050
0095067
0095082
0095088
0095107
0095119
0095169
0095174
0095178
0095179
0095186
0095188
0095236
0095238
0095243
0095246
0095253
0095262
0095270
0095271
0095294
0095303
0095304
0095327
0095333
0095334
0095348
0095368
0095382
0095409
0095417
0095428
0095441
0095444
0095448
0095454
0095467
0095468
0095484
0095488
0095489
0095496
0095532
0095543
0095560
0095583
0095593
0095599
0095626
0095631
0095638
0095647
0095649
0095652
0095654
0095690
0095705
0095736
0095742
0095756
0095774
0095800
0095882
0095895
0095897
0095916
0095925
0095927
0095936
0095953
0095989
0095990
0095993
0096003
0096018
0096028
0096030
0096037
0096039
0096061
0096073
0096087
0096094
0096098
0096101
0096118
0096119
0096142
0096163
0096193
0096200
0096219
0096223
0096256
0096283
0096289
0096295
0096310
0096316
0096324
0096435
0096454
0096463
0096486
0096487
0096507
0096511
0096535
0096548
0096681
0096716
0096734
0096754
0096787
0096794
0096870
0096872
0096874
0096895
0096913
0096921
0096926
0096928
0096943
0096976
0096989
0097027
0097028
0097044
0097045
0097047
0097067
0097095
0097100
0097108
0097116
0097123
0097138
0097166
0097179
0097195
0097202
0097211
0097216
0097235
0097236
0097239
0097240
0097244
0097261
0097263
0097276
0097328
0097336
0097351
0097366
0097372
0097383
0097388
0097423
0097441
0097457
0097458
0097474
0097481
0097495
0097499
0097500
0097523
0097530
0097539
0097557
0097567
0097570
0097576
0097579
0097613
0097635
0097637
0097659
0097662
0097670
0097671
0097707
0097722
0097731
0097733
0097737
0097757
0097758
0097770
0097778
0097814
0097815
0097858
0097880
0097883
0097892
0097910
0097940
0097965
0097967
0097969
0097981
0098022
0098051
0098067
0098072
0098084
0098090
0098097
0098105
0098112
0098160
0098166
0098168
0098184
0098185
0098188
0098193
0098206
0098213
0098219
0098251
0098260
0098282
0098300
0098309
0098310
0098320
0098324
0098343
0098350
0098368
0098382
0098383
0098384
0098385
0098439
0098444
0098471
0098479
0098512
0098513
0098519
0098520
0098524
0098528
0098536
0098575
0098621
0098627
0098635
0098645
0098659
0098667
0098674
0098678
0098708
0098765
0098800
0098837
0098898
0098900
0098912
0098966
0098967
0098987
0098994
0098999
0099005
0099012
0099014
0099044
0099073
0099077
0099088
0099091
0099121
0099128
0099155
0099164
0099165
0099166
0099173
0099197
0099200
0099212
0099223
0099248
0099266
0099313
0099316
0099327
0099329
0099334
0099342
0099365
0099377
0099387
0099395
0099399
0099429
0099450
0099493
0099512
0099528
0099546
0099558
0099566
0099574
0099575
0099578
0099581
0099582
0099595
0099615
0099623
0099652
0099653
0099654
0099669
0099673
0099674
0099691
0099697
0099699
0099700
0099703
0099721
0099731
0099739
0099743
0099750
0099762
0099776
0099785
0099791
0099797
0099800
0099819
0099850
0099857
0099864
0099875
0099892
0099915
0099994
0100029
0100046
0100050
0100053
0100054
0100095
0100114
0100135
0100140
0100143
0100145
0100150
0100156
0100157
0100196
0100200
0100201
0100211
0100216
0100224
0100232
0100263
0100280
0100301
0100332
0100361
0100395
0100403
0100404
0100405
0100419
0100436
0100442
0100475
0100477
0100485
0100486
0100502
0100507
0100514
0100519
0100530
0100594
0100600
0100602
0100605
0100608
0100611
0100613
0100639
0100665
0100670
0100680
0100685
0100691
0100746
0100758
0100760
0100777
0100797
0100811
0100814
0100822
0100827
0100828
0100842
0100873
0100899
0100924
0100928
0100935
0100944
0100963
0100990
0100998
0101004
0101053
0101065
0101206
0101244
0101252
0101254
0101272
0101316
0101318
0101329
0101356
0101371
0101376
0101410
0101414
0101428
0101437
0101444
0101452
0101453
0101455
0101463
0101465
0101477
0101481
0101492
0101500
0101507
0101516
0101523
0101529
0101560
0101565
0101583
0101587
0101590
0101591
0101595
0101605
0101606
0101609
0101616
0101625
0101638
0101645
0101669
0101677
0101694
0101701
0101733
0101745
0101748
0101757
0101761
0101764
0101775
0101783
0101787
0101821
0101831
0101846
0101862
0101882
0101889
0101891
0101898
0101902
0101912
0101921
0101933
0101959
0101969
0101984
0101998
0102004
0102005
0102011
0102057
0102059
0102103
0102116
0102128
0102220
0102230
0102250
0102258
0102293
0102299
0102303
0102370
0102388
0102411
0102416
0102419
0102443
0102460
0102469
0102478
0102484
0102485
0102492
0102494
0102500
0102510
0102517
0102558
0102573
0102585
0102590
0102593
0102598
0102603
0102609
0102614
0102631
0102653
0102663
0102685
0102713
0102721
0102741
0102744
0102749
0102753
0102757
0102768
0102789
0102797
0102798
0102820
0102825
0102829
0102879
0102882
0102915
0102926
0102943
0102945
0102975
0103003
0103007
0103016
0103036
0103039
0103060
0103064
0103125
0103157
0103184
0103186
0103192
0103205
0103241
0103251
0103266
0103285
0103291
0103295
0103303
0103405
0103516
0103596
0103617
0103626
0103634
0103671
0103678
0103705
0103743
0103747
0103759
0103767
0103772
0103776
0103786
0103791
0103813
0103827
0103840
0103855
0103859
0103872
0103873
0103905
0103919
0103924
0103935
0103950
0103957
0103959
0103961
0103973
0103976
0103994
0103999
0104009
0104040
0104051
0104053
0104070
0104073
0104107
0104114
0104147
0104178
0104181
0104187
0104215
0104231
0104237
0104254
0104257
0104275
0104291
0104321
0104346
0104348
0104362
0104376
0104377
0104379
0104405
0104412
0104431
0104452
0104503
0104507
0104541
0104549
0104550
0104558
0104573
0104575
0104604
0104605
0104647
0104652
0104662
0104667
0104684
0104688
0104690
0104691
0104692
0104695
0104756
0104779
0104782
0104802
0104804
0104818
0104839
0104850
0104868
0104905
0104922
0104923
0104928
0104938
0104952
0104969
0104990
0105017
0105038
0105104
0105107
0105112
0105150
0105151
0105156
0105165
0105191
0105211
0105217
0105219
0105226
0105236
0105249
0105271
0105275
0105327
0105356
0105384
0105391
0105411
0105414
0105417
0105428
0105435
0105450
0105466
0105480
0105481
0105483
0105488
0105508
0105535
0105569
0105585
0105602
0105604
0105606
0105616
0105629
0105631
0105636
0105644
0105665
0105699
0105789
0105793
0105811
0105813
0105824
0105827
0105829
0105851
0105858
0105885
0106057
0106104
0106122
0106123
0106185
0106203
0106220
0106223
0106226
0106246
0106266
0106292
0106303
0106309
0106315
0106317
0106332
0106333
0106336
0106341
0106344
0106356
0106359
0106364
0106375
0106376
0106387
0106393
0106413
0106417
0106447
0106452
0106453
0106469
0106471
0106489
0106500
0106519
0106521
0106536
0106544
0106559
0106598
0106613
0106627
0106657
0106660
0106664
0106673
0106676
0106677
0106689
0106697
0106753
0106757
0106763
0106767
0106769
0106770
0106771
0106792
0106833
0106834
0106850
0106856
0106868
0106873
0106877
0106881
0106913
0106918
0106926
0106936
0106941
0106965
0106966
0106977
0106980
0107004
0107007
0107027
0107050
0107057
0107065
0107071
0107086
0107090
0107091
0107092
0107096
0107099
0107120
0107130
0107131
0107146
0107148
0107165
0107179
0107206
0107207
0107209
0107211
0107212
0107228
0107247
0107254
0107286
0107290
0107292
0107302
0107311
0107358
0107387
0107438
0107443
0107471
0107472
0107473
0107478
0107492
0107497
0107501
0107504
0107554
0107563
0107566
0107594
0107596
0107606
0107611
0107613
0107614
0107616
0107617
0107626
0107630
0107653
0107659
0107665
0107688
0107718
0107719
0107727
0107731
0107746
0107748
0107750
0107756
0107798
0107808
0107818
0107819
0107822
0107840
0107843
0107861
0107863
0107889
0107920
0107927
0107952
0107953
0107978
0107985
0108002
0108037
0108065
0108071
0108122
0108137
0108147
0108148
0108149
0108160
0108168
0108169
0108170
0108171
0108185
0108186
0108207
0108230
0108255
0108258
0108260
0108265
0108308
0108311
0108320
0108328
0108330
0108333
0108334
0108347
0108358
0108395
0108442
0108448
0108451
0108473
0108500
0108515
0108517
0108539
0108550
0108557
0108559
0108560
0108565
0108569
0108570
0108609
0108614
0108624
0108650
0108670
0108700
0108727
0108858
0108872
0108911
0108937
0108941
0109015
0109021
0109034
0109035
0109040
0109045
0109049
0109066
0109068
0109093
0109117
0109120
0109127
0109190
0109198
0109206
0109219
0109254
0109259
0109279
0109287
0109294
0109297
0109303
0109307
0109340
0109348
0109361
0109369
0109370
0109374
0109376
0109396
0109402
0109408
0109412
0109424
0109439
0109445
0109450
0109456
0109474
0109480
0109484
0109491
0109493
0109504
0109506
0109508
0109520
0109553
0109555
0109575
0109578
0109579
0109593
0109609
0109644
0109650
0109667
0109675
0109676
0109683
0109688
0109707
0109729
0109731
0109758
0109759
0109771
0109783
0109798
0109813
0109830
0109831
0109836
0109838
0109842
0109868
0109890
0109891
0109906
0109913
0109936
0109942
0109956
0109958
0109962
0110005
0110006
0110008
0110014
0110024
0110027
0110044
0110057
0110064
0110066
0110071
0110076
0110081
0110091
0110093
0110097
0110099
0110115
0110121
0110123
0110146
0110157
0110169
0110179
0110186
0110213
0110216
0110217
0110299
0110300
0110305
0110308
0110322
0110329
0110363
0110364
0110365
0110367
0110374
0110391
0110395
0110399
0110413
0110438
0110442
0110490
0110496
0110516
0110518
0110523
0110527
0110546
0110570
0110598
0110612
0110613
0110622
0110629
0110631
0110632
0110638
0110647
0110665
0110669
0110678
0110722
0110729
0110730
0110809
0110845
0110854
0110857
0110889
0110891
0110892
0110907
0110912
0110932
0110934
0110939
0110950
0110955
0110963
0110977
0110978
0110989
0111003
0111019
0111054
0111070
0111109
0111111
0111143
0111149
0111156
0111157
0111158
0111159
0111173
0111187
0111194
0111205
0111218
0111236
0111255
0111256
0111257
0111271
0111272
0111280
0111282
0111293
0111301
0111304
0111323
0111333
0111342
0111400
0111408
0111418
0111419
0111454
0111477
0111486
0111488
0111503
0111507
0111512
0111515
0111549
0111558
0111562
0111579
0111590
0111653
0111667
0111686
0111693
0111701
0111732
0111735
0111742
0111793
0111794
0111797
0111800
0111804
0111840
0111893
0111903
0111939
0111999
0112130
0112147
0112255
0112257
0112279
0112281
0112302
0112313
0112342
0112346
0112364
0112373
0112379
0112384
0112401
0112408
0112427
0112431
0112435
0112442
0112443
0112453
0112461
0112471
0112492
0112499
0112513
0112519
0112533
0112537
0112541
0112546
0112548
0112553
0112573
0112579
0112585
0112600
0112604
0112606
0112619
0112625
0112634
0112637
0112642
0112651
0112654
0112679
0112682
0112697
0112701
0112715
0112716
0112722
0112744
0112749
0112757
0112760
0112767
0112772
0112778
0112787
0112792
0112795
0112818
0112847
0112851
0112857
0112870
0112887
0112895
0112896
0112913
0112923
0112939
0112966
0113014
0113024
0113028
0113041
0113043
0113044
0113061
0113071
0113089
0113092
0113101
0113104
0113114
0113117
0113118
0113133
0113135
0113149
0113153
0113158
0113195
0113199
0113221
0113228
0113253
0113259
0113269
0113276
0113281
0113290
0113292
0113303
0113305
0113309
0113321
0113326
0113347
0113362
0113376
0113399
0113416
0113421
0113429
0113438
0113442
0113448
0113449
0113451
0113463
0113464
0113475
0113492
0113500
0113501
0113526
0113533
0113540
0113552
0113576
0113577
0113596
0113617
0113627
0113646
0113650
0113670
0113674
0113676
0113677
0113691
0113718
0113720
0113729
0113737
0113749
0113755
0113756
0113762
0113808
0113819
0113832
0113833
0113849
0113851
0113862
0113870
0113896
0113928
0113936
0113947
0113952
0113957
0113965
0113967
0113971
0113972
0113973
0113984
0114039
0114048
0114057
0114059
0114068
0114069
0114086
0114089
0114093
0114095
0114108
0114117
0114127
0114129
0114148
0114168
0114194
0114210
0114214
0114234
0114272
0114279
0114287
0114296
0114303
0114319
0114323
0114345
0114369
0114416
0114417
0114418
0114419
0114432
0114435
0114436
0114437
0114469
0114478
0114508
0114536
0114550
0114553
0114558
0114563
0114568
0114571
0114576
0114577
0114594
0114614
0114660
0114663
0114666
0114681
0114690
0114694
0114697
0114709
0114726
0114728
0114736
0114738
0114745
0114746
0114781
0114787
0114788
0114798
0114805
0114808
0114814
0114825
0114831
0114857
0114860
0114863
0114872
0114885
0114887
0114924
0114928
0114937
0114938
0114957
0114996
0115006
0115012
0115016
0115108
0115138
0115167
0115234
0115238
0115288
0115321
0115398
0115438
0115471
0115472
0115484
0115491
0115493
0115528
0115530
0115536
0115568
0115580
0115600
0115608
0115610
0115624
0115632
0115633
0115639
0115640
0115644
0115675
0115678
0115685
0115696
0115697
0115722
0115725
0115734
0115736
0115742
0115744
0115750
0115751
0115783
0115832
0115836
0115847
0115851
0115853
0115857
0115862
0115865
0115875
0115885
0115886
0115906
0115907
0115928
0115940
0115952
0115956
0115963
0115964
0115985
0115986
0115988
0115994
0116020
0116033
0116040
0116066
0116070
0116075
0116095
0116102
0116121
0116126
0116130
0116135
0116136
0116138
0116147
0116151
0116164
0116165
0116166
0116168
0116181
0116193
0116209
0116213
0116225
0116242
0116245
0116259
0116260
0116261
0116269
0116277
0116289
0116295
0116298
0116308
0116311
0116312
0116313
0116320
0116322
0116353
0116361
0116367
0116390
0116407
0116409
0116421
0116439
0116442
0116493
0116508
0116510
0116516
0116531
0116552
0116564
0116571
0116601
0116604
0116606
0116607
0116619
0116621
0116629
0116630
0116631
0116635
0116650
0116669
0116683
0116684
0116692
0116695
0116707
0116714
0116745
0116754
0116756
0116762
0116767
0116768
0116790
0116791
0116817
0116823
0116827
0116833
0116835
0116839
0116845
0116860
0116861
0116882
0116905
0116922
0116924
0116928
0116930
0116950
0116953
0116985
0116996
0116999
0117002
0117045
0117060
0117070
0117091
0117093
0117102
0117104
0117107
0117108
0117132
0117151
0117188
0117201
0117202
0117218
0117226
0117247
0117260
0117276
0117282
0117283
0117293
0117296
0117318
0117320
0117331
0117332
0117333
0117336
0117353
0117359
0117372
0117381
0117396
0117397
0117398
0117427
0117437
0117438
0117468
0117473
0117477
0117509
0117515
0117523
0117546
0117561
0117566
0117571
0117589
0117603
0117608
0117611
0117619
0117620
0117621
0117622
0117628
0117631
0117658
0117665
0117666
0117688
0117705
0117718
0117724
0117731
0117737
0117765
0117768
0117786
0117793
0117802
0117803
0117817
0117876
0117879
0117883
0117891
0117901
0117905
0117910
0117915
0117924
0117942
0117958
0117965
0117979
0118002
0118018
0118025
0118030
0118040
0118043
0118044
0118048
0118055
0118073
0118111
0118113
0118117
0118125
0118147
0118158
0118163
0118169
0118181
0118218
0118290
0118301
0118354
0118381
0118414
0118459
0118460
0118489
0118499
0118526
0118539
0118540
0118541
0118548
0118556
0118566
0118570
0118586
0118589
0118615
0118617
0118618
0118632
0118636
0118643
0118647
0118652
0118655
0118661
0118663
0118665
0118673
0118682
0118686
0118688
0118689
0118691
0118698
0118708
0118730
0118734
0118736
0118742
0118744
0118748
0118749
0118750
0118751
0118756
0118760
0118763
0118766
0118770
0118771
0118772
0118780
0118787
0118789
0118798
0118799
0118818
0118819
0118824
0118829
0118836
0118842
0118845
0118859
0118863
0118866
0118880
0118882
0118884
0118886
0118887
0118892
0118894
0118900
0118912
0118925
0118926
0118927
0118928
0118929
0118931
0118942
0118949
0118954
0118956
0118957
0118964
0118966
0118969
0118998
0119013
0119019
0119033
0119038
0119040
0119042
0119051
0119053
0119057
0119062
0119068
0119079
0119080
0119081
0119086
0119094
0119098
0119107
0119109
0119114
0119115
0119123
0119125
0119127
0119137
0119142
0119152
0119164
0119173
0119174
0119177
0119190
0119209
0119210
0119214
0119215
0119223
0119228
0119229
0119237
0119239
0119248
0119256
0119272
0119280
0119282
0119283
0119302
0119303
0119304
0119305
0119310
0119311
0119320
0119324
0119326
0119336
0119345
0119349
0119354
0119360
0119361
0119365
0119375
0119381
0119395
0119404
0119416
0119427
0119428
0119429
0119432
0119434
0119448
0119454
0119457
0119461
0119465
0119485
0119488
0119501
0119502
0119506
0119512
0119527
0119528
0119533
0119534
0119557
0119558
0119560
0119561
0119567
0119572
0119576
0119578
0119588
0119592
0119594
0119595
0119607
0119632
0119640
0119642
0119643
0119644
0119654
0119668
0119672
0119675
0119679
0119682
0119683
0119695
0119698
0119699
0119707
0119709
0119715
0119718
0119723
0119731
0119746
0119773
0119778
0119784
0119790
0119792
0119802
0119807
0119815
0119819
0119825
0119832
0119838
0119842
0119843
0119874
0119879
0119889
0119891
0119892
0119896
0119901
0119906
0119908
0119910
0119925
0119934
0119935
0119937
0119942
0119951
0119975
0119978
0119988
0119989
0119991
0119994
0120004
0120013
0120014
0120032
0120034
0120036
0120053
0120056
0120082
0120087
0120088
0120090
0120100
0120102
0120109
0120110
0120111
0120112
0120113
0120115
0120122
0120126
0120131
0120135
0120142
0120148
0120151
0120152
0120164
0120176
0120184
0120188
0120201
0120202
0120228
0120248
0120255
0120257
0120263
0120265
0120271
0120274
0120303
0120313
0120318
0120321
0120323
0120324
0120327
0120331
0120338
0120347
0120363
0120382
0120389
0120401
0120408
0120414
0120423
0120428
0120430
0120434
0120449
0120453
0120456
0120458
0120461
0120479
0120483
0120484
0120490
0120493
0120496
0120498
0120512
0120514
0120520
0120521
0120531
0120532
0120536
0120539
0120545
0120550
0120552
0120576
0120577
0120584
0120587
0120595
0120596
0120601
0120604
0120609
0120610
0120611
0120616
0120617
0120618
0120619
0120623
0120627
0120628
0120631
0120632
0120633
0120634
0120642
0120646
0120654
0120657
0120660
0120683
0120684
0120685
0120686
0120687
0120690
0120695
0120701
0120703
0120706
0120707
0120710
0120711
0120716
0120723
0120724
0120725
0120731
0120737
0120741
0120742
0120744
0120746
0120751
0120755
0120756
0120757
0120768
0120770
0120772
0120773
0120777
0120784
0120786
0120787
0120788
0120789
0120794
0120797
0120801
0120815
0120820
0120823
0120828
0120831
0120832
0120834
0120836
0120841
0120844
0120847
0120851
0120855
0120856
0120857
0120867
0120877
0120879
0120885
0120891
0120899
0120901
0120902
0120903
0120906
0120912
0120917
0121262
0121269
0121765
0121804
0122082
0122151
0122247
0122541
0122642
0122728
0122743
0122804
0122933
0123003
0123034
0123044
0123073
0123092
0123150
0123209
0123236
0123278
0123324
0123351
0123755
0123815
0123865
0123889
0123948
0123950
0123964
0123987
0124185
0124198
0124207
0124252
0124298
0124595
0124770
0124879
0125022
0125209
0125249
0125412
0125439
0125659
0125711
0125879
0125950
0125971
0125994
0126016
0126100
0126108
0126158
0126220
0126249
0126261
0126376
0126388
0126423
0126627
0126680
0126816
0126859
0126886
0126916
0126938
0127288
0127296
0127357
0127375
0127497
0127536
0127624
0127640
0127722
0127723
0127914
0127952
0128137
0128278
0128445
0128648
0128853
0128985
0128996
0129111
0129238
0129290
0129332
0129631
0129672
0129694
0129852
0129868
0129908
0130018
0130172
0130184
0130208
0130297
0130529
0130623
0130827
0131046
0131423
0131436
0131502
0131566
0131613
0131620
0131646
0131704
0131857
0132213
0132451
0132512
0132563
0132888
0132905
0132910
0132914
0133046
0133093
0133122
0133170
0133240
0133256
0133285
0133412
0133751
0134028
0134067
0134084
0134380
0134618
0134619
0134633
0134664
0134928
0134969
0135037
0135096
0135706
0136153
0136647
0136732
0137079
0137146
0137279
0137290
0137328
0137338
0137386
0137523
0137799
0138061
0138068
0138097
0138304
0138407
0138444
0138510
0138517
0138524
0138563
0138582
0138590
0138647
0138703
0138739
0139134
0139151
0139216
0139239
0139362
0139388
0139414
0139462
0139465
0139487
0139499
0139564
0139615
0139654
0139809
0140340
0140347
0140352
0140384
0140397
0140447
0140587
0140743
0140796
0140883
0140888
0141109
0141122
0141399
0141699
0141716
0141824
0141907
0142032
0142181
0142192
0142201
0142231
0142241
0142242
0142244
0142342
0142688
0142998
0143096
0143127
0143213
0143261
0143296
0143746
0143808
0144039
0144080
0144117
0144120
0144142
0144168
0144315
0144550
0144604
0144608
0144622
0144640
0144714
0144801
0144814
0144937
0144964
0145027
0145033
0145487
0145503
0145653
0145681
0145893
0145937
0146165
0146247
0146316
0146425
0146455
0146562
0146675
0146971
0146990
0147004
0147192
0147612
0147800
0147926
0147995
0148631
0149151
0149215
0149261
0149367
0149441
0149568
0149573
0150111
0150216
0150377
0150433
0150488
0150844
0150915
0150941
0150992
0151121
0151137
0151327
0151372
0151582
0151734
0151738
0151804
0152139
0152174
0152256
0152588
0152720
0153464
0153755
0153812
0154420
0154443
0154506
0155011
0155197
0155198
0155267
0155388
0155508
0155776
0155796
0155815
0155833
0155975
0156096
0156115
0156171
0156182
0156323
0156460
0156587
0156588
0156639
0156711
0156812
0156841
0156849
0156998
0157007
0157044
0157075
0157117
0157122
0157171
0157191
0157208
0157239
0157262
0157339
0157366
0157472
0157503
0157583
0157836
0158011
0158030
0158302
0158371
0158409
0158446
0158466
0158493
0158533
0158560
0158583
0158590
0158628
0158653
0158714
0158811
0158831
0158855
0158895
0158931
0158983
0159060
0159097
0159099
0159272
0159273
0159291
0159373
0159382
0159386
0159432
0159507
0159693
0159696
0159784
0159797
0159920
0159995
0160127
0160184
0160216
0160236
0160338
0160401
0160423
0160495
0160509
0160513
0160547
0160611
0160644
0160672
0160797
0160862
0160916
0160979
0161010
0161023
0161061
0161081
0161083
0161100
0161216
0161492
0161574
0161860
0161942
0161970
0161978
0162016
0162023
0162024
0162236
0162348
0162351
0162360
0162462
0162503
0162625
0162661
0162662
0162677
0162710
0162711
0162766
0162830
0162874
0162909
0162958
0162983
0163000
0163025
0163187
0163318
0163579
0163639
0163651
0163676
0163745
0163862
0163887
0163984
0164008
0164016
0164026
0164052
0164085
0164108
0164112
0164114
0164181
0164212
0164292
0164312
0164538
0164550
0164683
0164807
0164810
0164877
0164912
0164982
0165303
0165324
0165369
0165445
0165454
0165461
0165662
0165773
0165832
0165854
0165859
0165870
0165874
0165905
0165964
0165994
0165998
0166013
0166090
0166110
0166175
0166219
0166287
0166322
0166396
0166485
0166497
0166604
0166695
0166792
0166804
0166813
0166896
0166924
0166949
0166967
0167006
0167038
0167046
0167116
0167139
0167147
0167176
0167247
0167260
0167261
0167284
0167318
0167367
0167404
0167423
0167427
0167461
0167565
0167757
0167758
0167789
0167793
0167820
0167903
0167914
0167924
0167955
0167967
0167988
0168012
0168015
0168024
0168035
0168062
0168065
0168093
0168098
0168122
0168172
0168225
0168264
0168331
0168334
0168355
0168501
0168504
0168515
0168575
0168629
0168631
0168740
0168785
0168786
0168787
0168794
0168899
0168950
0168987
0169104
0169156
0169222
0169324
0169333
0169444
0169510
0169547
0169554
0169557
0169828
0169929
0170224
0170272
0170351
0170544
0170691
0170801
0171259
0171356
0171363
0171410
0171576
0171580
0171689
0171698
0171725
0171728
0171768
0171804
0172156
0172294
0172345
0172348
0172477
0172493
0172495
0172534
0172543
0172610
0172632
0172684
0172711
0172726
0172761
0173102
0173716
0173906
0173957
0173974
0174204
0174268
0174330
0174336
0174398
0174480
0174707
0174708
0174792
0174856
0174982
0175143
0175159
0175394
0175536
0175550
0175555
0175621
0175877
0175880
0176269
0176326
0176457
0176579
0176809
0176948
0177068
0177080
0177215
0177262
0177625
0177650
0177721
0177769
0177876
0177885
0177888
0177898
0177971
0178022
0178050
0178130
0178642
0178737
0178781
0178868
0178988
0178998
0179110
0179116
0179148
0179443
0179473
0179477
0179547
0179841
0179940
0180052
0180073
0180093
0180242
0180303
0180418
0180697
0180734
0180793
0180837
0181020
0181151
0181173
0181196
0181199
0181288
0181299
0181315
0181547
0181618
0181656
0181657
0181689
0181733
0181783
0181796
0181804
0181836
0181850
0181852
0181865
0181875
0181912
0181984
0182000
0182225
0182295
0182352
0182361
0182508
0182668
0182789
0182849
0182914
0183056
0183072
0183423
0183523
0183659
0183678
0183718
0183892
0184424
0184456
0184463
0184503
0184510
0184791
0184844
0184858
0184907
0185007
0185014
0185125
0185133
0185143
0185371
0185457
0185481
0185651
0185672
0185673
0186151
0186183
0186202
0186240
0186508
0186730
0187373
0187387
0187393
0187512
0187559
0187696
0187738
0187820
0187859
0188030
0188128
0188160
0188205
0188247
0188249
0188503
0188640
0188688
0188693
0188694
0188766
0188830
0189070
0189071
0189192
0189238
0189456
0189553
0189592
0189593
0189744
0190138
0190255
0190281
0190290
0190332
0190374
0190419
0190435
0190524
0190611
0190614
0190736
0190798
0190861
0191019
0191037
0191043
0191074
0191242
0191397
0191423
0191654
0191655
0191754
0191814
0191992
0191996
0192023
0192041
0192071
0192194
0192255
0192263
0192335
0192455
0192578
0192614
0192657
0192701
0192719
0192731
0192788
0192792
0192949
0193019
0193253
0193514
0193560
0193837
0193971
0194218
0194314
0194342
0194368
0194722
0194897
0194919
0195165
0195231
0195234
0195542
0195580
0195714
0195753
0195778
0195944
0195945
0195994
0196002
0196106
0196114
0196158
0196216
0196223
0196229
0196480
0196926
0196931
0197072
0197096
0197230
0197273
0197384
0197521
0197523
0197646
0197770
0197953
0198021
0198279
0198385
0198386
0198668
0198781
0199129
0199481
0199554
0199708
0199727
0199995
0200138
0200469
0200476
0200486
0200529
0200550
0200669
0200720
0200755
0200768
0200809
0200849
0201290
0201394
0201517
0201726
0201737
0201776
0201844
0201922
0202055
0202152
0202236
0202258
0202388
0202402
0202458
0202470
0202478
0202521
0202595
0202614
0202641
0202677
0202682
0202711
0202856
0203009
0203230
0203259
0203299
0203343
0203408
0203536
0203593
0203624
0203632
0203672
0203755
0203940
0203975
0204137
0204175
0204222
0204224
0204313
0204350
0204618
0204626
0204700
0204731
0204824
0204946
0205000
0205214
0205271
0205395
0205410
0205451
0205461
0205526
0206013
0206151
0206226
0206275
0206314
0206334
0206341
0206367
0206420
0206636
0206660
0206742
0206838
0206917
0206921
0206951
0206963
0206990
0207051
0207201
0207332
0207341
0207377
0207554
0207631
0207653
0207687
0207745
0207805
0207944
0207972
0208050
0208092
0208178
0208261
0208570
0208629
0208724
0208990
0209013
0209037
0209109
0209116
0209144
0209163
0209264
0209322
0209368
0209428
0209440
0209475
0209486
0209557
0209933
0209958
0210065
0210070
0210075
0210094
0210217
0210249
0210294
0210358
0210413
0210584
0210628
0210727
0210756
0210786
0210809
0210866
0210916
0210943
0210945
0211126
0211286
0211657
0211718
0211901
0211915
0211938
0212075
0212132
0212235
0212271
0212292
0212338
0212346
0212380
0212533
0212573
0212579
0212615
0212662
0212667
0212694
0212720
0212742
0212788
0212815
0212826
0212827
0212867
0212892
0212985
0213121
0213149
0213245
0213636
0213749
0213775
0213790
0213847
0214178
0214299
0214555
0214874
0214930
0214931
0214950
0215111
0215129
0215135
0215245
0215369
0215516
0215545
0215569
0215583
0215679
0215785
0215911
0215991
0216048
0216196
0216214
0216578
0216605
0216620
0216621
0216625
0216707
0216731
0216772
0216794
0216800
0216930
0216982
0216990
0217019
0217066
0217074
0217086
0217107
0217119
0217363
0217579
0217624
0217630
0217787
0217869
0217910
0218067
0218107
0218127
0218162
0218182
0218359
0218378
0218379
0218440
0218505
0218533
0218542
0218581
0218619
0218625
0218727
0218744
0218839
0218847
0218864
0218888
0218896
0218922
0218967
0219064
0219096
0219103
0219175
0219210
0219327
0219374
0219400
0219466
0219593
0219636
0219653
0219672
0219699
0219822
0219854
0219887
0219919
0219952
0219965
0220095
0220099
0220100
0220172
0220218
0220253
0220514
0220580
0220596
0220597
0220608
0220627
0220644
0220651
0220726
0220794
0220827
0220832
0220851
0221028
0221069
0221111
0221309
0221431
0221581
0221589
0221673
0221768
0221799
0221859
0221889
0221905
0221928
0222012
0222024
0222150
0222270
0222354
0222355
0222376
0222608
0222666
0222809
0222812
0222850
0223251
0223268
0223384
0223856
0223897
0223954
0224077
0224102
0224214
0224471
0224581
0224615
0224626
0224816
0224821
0224853
0225196
0225403
0225515
0226009
0226094
0226204
0226379
0226663
0226771
0226847
0226872
0226874
0226935
0227005
0227277
0227529
0227538
0227890
0227963
0228040
0228242
0228351
0228363
0228502
0228528
0228720
0228786
0228891
0228979
0229002
0229072
0229260
0229362
0229397
0229440
0229548
0229564
0229939
0230011
0230030
0230048
0230098
0230169
0230234
0230239
0230434
0230591
0230835
0231012
0231129
0231237
0231249
0231342
0231347
0231402
0231775
0231844
0232083
0232500
0232908
0233274
0233298
0233315
0233422
0233469
0233600
0233656
0233687
0233699
0233808
0233841
0233973
0234000
0234137
0234141
0234288
0234354
0234516
0234570
0234829
0234837
0234853
0234894
0234988
0235137
0235154
0235235
0235240
0235297
0235298
0235300
0235327
0235353
0235412
0235553
0235681
0236008
0236019
0236027
0236034
0236157
0236216
0236388
0236447
0236493
0236576
0236638
0236702
0236774
0236784
0237081
0237104
0237160
0237534
0237539
0237934
0237993
0238038
0238066
0238112
0238208
0238212
0238226
0238380
0238406
0238429
0238546
0238552
0238627
0238743
0238924
0238948
0238962
0239028
0239074
0239234
0239381
0239395
0239467
0239496
0239507
0239570
0239641
0239987
0240119
0240149
0240402
0240462
0240468
0240510
0240515
0240547
0240684
0240744
0240802
0240880
0240900
0240912
0240913
0240980
0241025
0241073
0241142
0241223
0241303
0241304
0241357
0241459
0241496
0241527
0242193
0242285
0242423
0242508
0242527
0242572
0242681
0242798
0242898
0242998
0243067
0243133
0243155
0243222
0243232
0243255
0243278
0243508
0243554
0243558
0243585
0243595
0243609
0243637
0243655
0243664
0243736
0243759
0243794
0243862
0243876
0243925
0244000
0244023
0244244
0244283
0244296
0244316
0244353
0244464
0244476
0244479
0244504
0244622
0244630
0244684
0244850
0244870
0244901
0244955
0244970
0244975
0245046
0245059
0245090
0245120
0245184
0245238
0245247
0245280
0245356
0245479
0245562
0245837
0245844
0245866
0245943
0246002
0246072
0246134
0246266
0246353
0246498
0246514
0246544
0246561
0246578
0246641
0246644
0246645
0246734
0246740
0246765
0246989
0247128
0247196
0247303
0247380
0247419
0247425
0247427
0247586
0247645
0247648
0247874
0247911
0248001
0248012
0248114
0248126
0248180
0248185
0248216
0248271
0248537
0248617
0248667
0248742
0248828
0248912
0249355
0249371
0249380
0249418
0249462
0249465
0249478
0249535
0249853
0249854
0250037
0250052
0250081
0250155
0250202
0250248
0250256
0250282
0250292
0250310
0250313
0250323
0250347
0250371
0250415
0250425
0250468
0250478
0250483
0250581
0250635
0250690
0250700
0250711
0250720
0250798
0250809
0250830
0250862
0250934
0250990
0251005
0251031
0251057
0251070
0251094
0251114
0251127
0251174
0251231
0251369
0251370
0251434
0251566
0251568
0251654
0251662
0251739
0251775
0251806
0251816
0252076
0252133
0252147
0252223
0252287
0252299
0252476
0252501
0252503
0252661
0252684
0252866
0252963
0253028
0253040
0253126
0253201
0253474
0253555
0253612
0253658
0253663
0253688
0253754
0253798
0253839
0253955
0254252
0254334
0254481
0254703
0254775
0254871
0254872
0254924
0255055
0255097
0255120
0255173
0255198
0255212
0255276
0255573
0255575
0255626
0255653
0255702
0255713
0255730
0255798
0255819
0255851
0255873
0255896
0255902
0255909
0256009
0256155
0256276
0256359
0256374
0256380
0256394
0256415
0256524
0256692
0256856
0256863
0257106
0257215
0257360
0257460
0257850
0257885
0258038
0258100
0258153
0258223
0258303
0258351
0258463
0258470
0258489
0258850
0258877
0258960
0258967
0259153
0259182
0259253
0259256
0259388
0259393
0259403
0259419
0259446
0259453
0259484
0259497
0259567
0259685
0259744
0259786
0259795
0259974
0260136
0260305
0260320
0260332
0260522
0260688
0260695
0260713
0260775
0260866
0260949
0260992
0261014
0261158
0261174
0261203
0261264
0261289
0261311
0261552
0261755
0261971
0261983
0262001
0262012
0262208
0262246
0262396
0262432
0262516
0262601
0262698
0262699
0262748
0262776
0263101
0263215
0263300
0263386
0263671
0263725
0263728
0263734
0263757
0264319
0264395
0264429
0264476
0264508
0264606
0264648
0264683
0264734
0264802
0264935
0264944
0265010
0265018
0265101
0265104
0265116
0265148
0265208
0265212
0265298
0265349
0265357
0265496
0265591
0265632
0265662
0265666
0265709
0265739
0265752
0265930
0265936
0265970
0266067
0266075
0266164
0266408
0266425
0266465
0266544
0266613
0266697
0266703
0266740
0266818
0266870
0266915
0267029
0267116
0267248
0267363
0267414
0267440
0267455
0267626
0267659
0267679
0267693
0267913
0268040
0268126
0268224
0268225
0268226
0268374
0268380
0268397
0268443
0268466
0268548
0268579
0268586
0268677
0268695
0268696
0268719
0268920
0269329
0269347
0269461
0269483
0269792
0270059
0270197
0270259
0270270
0270277
0270288
0270291
0270430
0270444
0270560
0270677
0270688
0270707
0270846
0270870
0270919
0270980
0271008
0271027
0271196
0271211
0271237
0271259
0271367
0271446
0271454
0271461
0271604
0271798
0271804
0271809
0271900
0271984
0272020
0272096
0272127
0272147
0272152
0272207
0272226
0272255
0272274
0272338
0272360
0272402
0272425
0272440
0272535
0272575
0272736
0272790
0272834
0272864
0272979
0273041
0273169
0273192
0273228
0273253
0273300
0273362
0273453
0273517
0273607
0273608
0273689
0273719
0273799
0273822
0273907
0273923
0273999
0274166
0274189
0274245
0274407
0274415
0274468
0274546
0274659
0274789
0274812
0275022
0275039
0275083
0275137
0275170
0275408
0275434
0275491
0275499
0275614
0275636
0275709
0275719
0275764
0275766
0275767
0275779
0275847
0275913
0275947
0276123
0276198
0276276
0276515
0276607
0276744
0276768
0276772
0276816
0276830
0276902
0276918
0276977
0276981
0277039
0277044
0277269
0277371
0277562
0277585
0277615
0277658
0277705
0277744
0277909
0277925
0277949
0277986
0278035
0278044
0278102
0278245
0278249
0278259
0278291
0278394
0278488
0278490
0278500
0278504
0278522
0278634
0278665
0278723
0278793
0278823
0278910
0279065
0279110
0279112
0279113
0279224
0279351
0279474
0279487
0279493
0279513
0279730
0279781
0279887
0279967
0279977
0280105
0280132
0280240
0280262
0280263
0280277
0280344
0280371
0280377
0280380
0280438
0280446
0280474
0280486
0280491
0280496
0280523
0280653
0280665
0280672
0280674
0280696
0280754
0280760
0280791
0280870
0280898
0280949
0280969
0281102
0281176
0281227
0281233
0281238
0281334
0281364
0281672
0281718
0281724
0281818
0281865
0281889
0281919
0281938
0282120
0282159
0282178
0282179
0282209
0282384
0282386
0282441
0282466
0282482
0282554
0282628
0282636
0282659
0282687
0282695
0282698
0282701
0282856
0282864
0282883
0282934
0282969
0282970
0283027
0283077
0283084
0283111
0283287
0283332
0283384
0283422
0283426
0283429
0283431
0283509
0283559
0283632
0283652
0283683
0283832
0283870
0283877
0283897
0283952
0283987
0283991
0284028
0284034
0284045
0284066
0284083
0284123
0284203
0284262
0284328
0284329
0284334
0284406
0284445
0284457
0284494
0284519
0284527
0284573
0284605
0284608
0284610
0284614
0284631
0284674
0284741
0284811
0284837
0284850
0284867
0284878
0284929
0284978
0284985
0285182
0285237
0285280
0285462
0285485
0285487
0285492
0285531
0285534
0285624
0285627
0285681
0285685
0285728
0285861
0285869
0285906
0285917
0285958
0286106
0286112
0286132
0286179
0286181
0286244
0286306
0286476
0286493
0286499
0286516
0286594
0286623
0286635
0286653
0286680
0286788
0286797
0286915
0286921
0286944
0286975
0287031
0287045
0287128
0287140
0287309
0287364
0287460
0287471
0287497
0287537
0287594
0287665
0287717
0287730
0287846
0287934
0287944
0287969
0287986
0288039
0288073
0288143
0288203
0288324
0288441
0288477
0288480
0288488
0288593
0288808
0288886
0288937
0289079
0289229
0289374
0289390
0289589
0289605
0289615
0289668
0289701
0289791
0289873
0289944
0289980
0289992
0290002
0290010
0290018
0290057
0290102
0290104
0290142
0290160
0290230
0290296
0290329
0290332
0290382
0290507
0290620
0290621
0290662
0290664
0290673
0290795
0290823
0290879
0290905
0290916
0290983
0291043
0291172
0291265
0291320
0291341
0291538
0291765
0291775
0291850
0292066
0292097
0292109
0292490
0292497
0292501
0292506
0292542
0292552
0292553
0292610
0292634
0292644
0292951
0293088
0293116
0293166
0293176
0293342
0293346
0293357
0293416
0293437
0293475
0293562
0293563
0293624
0293662
0293685
0293815
0293832
0293849
0293854
0293895
0293913
0293923
0294097
0294154
0294252
0294279
0294280
0294345
0294425
0294578
0294696
0294805
0295004
0295071
0295173
0295219
0295232
0295238
0295244
0295254
0295297
0295368
0295427
0295432
0295438
0295461
0295526
0295578
0295622
0295725
0295743
0296008
0296185
0296242
0296273
0296502
0296503
0296682
0296711
0296727
0296753
0296766
0296891
0297037
0297080
0297120
0297144
0297162
0297169
0297181
0297221
0297450
0297721
0297732
0297753
0297763
0297771
0297814
0297841
0297848
0297858
0297859
0297861
0297959
0297980
0297985
0298071
0298096
0298131
0298148
0298155
0298170
0298238
0298250
0298293
0298296
0298316
0298388
0298482
0298578
0298606
0298656
0298798
0298810
0298814
0298826
0298845
0298856
0298917
0298942
0299021
0299027
0299117
0299134
0299172
0299203
0299357
0299422
0299458
0299535
0299556
0299591
0299594
0299658
0299910
0299930
0299977
0299988
0300015
0300016
0300028
0300115
0300214
0300270
0300274
0300295
0300453
0300470
0300471
0300485
0300532
0300536
0300556
0300620
0300996
0301082
0301083
0301152
0301165
0301167
0301199
0301202
0301235
0301246
0301254
0301306
0301357
0301414
0301454
0301467
0301526
0301546
0301601
0301684
0301727
0301848
0301893
0301962
0301989
0302055
0302247
0302361
0302389
0302614
0302640
0302674
0302758
0303010
0303110
0303120
0303307
0303311
0303313
0303321
0303326
0303348
0303356
0303373
0303378
0303396
0303461
0303633
0303714
0303794
0303830
0303860
0303933
0303970
0304120
0304141
0304203
0304229
0304262
0304283
0304363
0304377
0304391
0304421
0304584
0304638
0304664
0304669
0304678
0304711
0304722
0304790
0304845
0304868
0304896
0304952
0305206
0305227
0305229
0305596
0305727
0305973
0306047
0306072
0306100
0306274
0306275
0306522
0306597
0306651
0306708
0306761
0306841
0307035
0307039
0307058
0307078
0307197
0307213
0307351
0307453
0307466
0307479
0307507
0307535
0307553
0307639
0307901
0307987
0308213
0308226
0308237
0308239
0308290
0308305
0308379
0308383
0308411
0308443
0308476
0308506
0308508
0308514
0308644
0308671
0308800
0308878
0309039
0309061
0309326
0309593
0309600
0309622
0309698
0309720
0309725
0309735
0309820
0309912
0309986
0310024
0310281
0310298
0310357
0310778
0310793
0310907
0310910
0310924
0310951
0310952
0310991
0311018
0311066
0311289
0311320
0311361
0311519
0311629
0311648
0311730
0311863
0312189
0312281
0312297
0312318
0312358
0312450
0312549
0312633
0312640
0312700
0312841
0312848
0312886
0312999
0313016
0313196
0313255
0313285
0313532
0313595
0313597
0313680
0313769
0313844
0313911
0313972
0314017
0314063
0314097
0314111
0314166
0314170
0314331
0314412
0314431
0314519
0314564
0314676
0314724
0314725
0314942
0314975
0314979
0315110
0315253
0315273
0315312
0315327
0315398
0315410
0315930
0315951
0315983
0316013
0316023
0316219
0316272
0316356
0316396
0316465
0316654
0316706
0316732
0316824
0316829
0316876
0317042
0317052
0317079
0317086
0317198
0317226
0317310
0317468
0317521
0317640
0317718
0317719
0317910
0317968
0318034
0318049
0318068
0318181
0318202
0318281
0318387
0318403
0318411
0318497
0318627
0318649
0318667
0318819
0318828
0318850
0318871
0318901
0318974
0318997
0319020
0319061
0319109
0319262
0319343
0319514
0319524
0319531
0319563
0319564
0319736
0319754
0319758
0319769
0319862
0319901
0319970
0320097
0320193
0320241
0320242
0320244
0320512
0320691
0320996
0321033
0321353
0321359
0321406
0321416
0321442
0321494
0321711
0321744
0321961
0321997
0322005
0322259
0322282
0322289
0322589
0322645
0322650
0322653
0322725
0322733
0322820
0323013
0323033
0323246
0323248
0323274
0323298
0323332
0323572
0323599
0323633
0323642
0323807
0323849
0323874
0323888
0323939
0324013
0324078
0324127
0324133
0324197
0324216
0324532
0324554
0324619
0324700
0324865
0324937
0324952
0324983
0324999
0325055
0325258
0325322
0325525
0325597
0325618
0325655
0325703
0325733
0325761
0325805
0325948
0325968
0325982
0326121
0326148
0326208
0326306
0326413
0326425
0326576
0326672
0326805
0326828
0326886
0326901
0326977
0327016
0327036
0327137
0327153
0327247
0327680
0327775
0327888
0327951
0328034
0328097
0328099
0328228
0328538
0328589
0328655
0328733
0328757
0328802
0328828
0328877
0328945
0328998
0329028
0329030
0329106
0329124
0329162
0329200
0329224
0329330
0329388
0329390
0329393
0329476
0329691
0329717
0329767
0329774
0329823
0329865
0329913
0329938
0329998
0330069
0330171
0330181
0330203
0330229
0330243
0330247
0330267
0330602
0330634
0330691
0330760
0330795
0330829
0330886
0330896
0330904
0330936
0331068
0331080
0331189
0331225
0331338
0331468
0331509
0331525
0331632
0331639
0331851
0331894
0331992
0332079
0332285
0332375
0332379
0332452
0332605
0333330
0333764
0334029
0334405
0334548
0334754
0334998
0335013
0335034
0335119
0335121
0335126
0335185
0335245
0335266
0335345
0335351
0335438
0335563
0336325
0337103
0337540
0337566
0337579
0337592
0337593
0337626
0337634
0337661
0337697
0337710
0337717
0337721
0337723
0337744
0337769
0337812
0337824
0337851
0337876
0337879
0337881
0337909
0337917
0337943
0337945
0337960
0337996
0338020
0338034
0338061
0338075
0338077
0338088
0338096
0338097
0338109
0338130
0338133
0338135
0338139
0338159
0338201
0338249
0338290
0338325
0338337
0338357
0338467
0338479
0338512
0338526
0338542
0338565
0338619
0338726
0338754
0338769
0338806
0338852
0339034
0339135
0339184
0339267
0339294
0339357
0339412
0339489
0339531
0339534
0339579
0339593
0339607
0339727
0339752
0339832
0339918
0339953
0339957
0340012
0340057
0340137
0340163
0340288
0340376
0340377
0340477
0340732
0341255
0341535
0341564
0341595
0342036
0342108
0342143
0342145
0342167
0342180
0342275
0342300
0342316
0342508
0342800
0342804
0342835
0342956
0343095
0343107
0343168
0343172
0343449
0343594
0343818
0343986
0344487
0344777
0344864
0345032
0345185
0345543
0345549
0345591
0345950
0346039
0346091
0346094
0346148
0346156
0346343
0346491
0346578
0346639
0346723
0346800
0346847
0346952
0346971
0346973
0347148
0347202
0347246
0347278
0347304
0347332
0347416
0347585
0347607
0347751
0347779
0348031
0348124
0348172
0348225
0348448
0348529
0349136
0349260
0349333
0349336
0349416
0349529
0349612
0349683
0349703
0349825
0349880
0349889
0349903
0350067
0350081
0350097
0350146
0350258
0350739
0350811
0351031
0351299
0351639
0351817
0351977
0352143
0352227
0352277
0352382
0352408
0352465
0352520
0352565
0352621
0352939
0352994
0353012
0353042
0353104
0353142
0353320
0353324
0353489
0353500
0353628
0353751
0353774
0353818
0353913
0353965
0353969
0353986
0354445
0354538
0354575
0354623
0354628
0354694
0354696
0354766
0355315
0355323
0355364
0355407
0355435
0355683
0355740
0355836
0355954
0355987
0356618
0356721
0356743
0357037
0357054
0357139
0357173
0357290
0357414
0357470
0357474
0357507
0357521
0357585
0357654
0357894
0357948
0358135
0358349
0358437
0358539
0358569
0358590
0358594
0358602
0358631
0358768
0358952
0359013
0359056
0359203
0359225
0359332
0359423
0359476
0359517
0359641
0360009
0360025
0360032
0360130
0360486
0360611
0360736
0360845
0360916
0361127
0361240
0361354
0361367
0361394
0361411
0361458
0361462
0361498
0361668
0361696
0362001
0362129
0362227
0362269
0362270
0362480
0362511
0362526
0362590
0362680
0362808
0363030
0363033
0363095
0363163
0363216
0363226
0363249
0363290
0363448
0363472
0363473
0363504
0363532
0363589
0363621
0363768
0363828
0363908
0363931
0364045
0364120
0364303
0364343
0364517
0364930
0364961
0364969
0364995
0365020
0365125
0365190
0365247
0365262
0365265
0365270
0365478
0365514
0365519
0365658
0365677
0365683
0365861
0365905
0365960
0366138
0366174
0366189
0366276
0366291
0366450
0366526
0366527
0366529
0366532
0366551
0366555
0366596
0366598
0366621
0366627
0366674
0366701
0366707
0366720
0366860
0366954
0367014
0367093
0367097
0367110
0367135
0367188
0367245
0367413
0367479
0367555
0367584
0367623
0367631
0367677
0367854
0367913
0368019
0368083
0368296
0368411
0368441
0368447
0368456
0368578
0368585
0368647
0368653
0368721
0368745
0368909
0368913
0368954
0368975
0369059
0369281
0369295
0369451
0369637
0369672
0369702
0369705
0369750
0369838
0369903
0369905
0369918
0370082
0370244
0370263
0370418
0370754
0370904
0371583
0371660
0371735
0371795
0371902
0371920
0372083
0372140
0372183
0372238
0372279
0372311
0372321
0372334
0372513
0372532
0372588
0372677
0372784
0372803
0372806
0372866
0372921
0372960
0373024
0373040
0373074
0373152
0373163
0373273
0373587
0373759
0373821
0373856
0373868
0373938
0374184
0374248
0374273
0374277
0374339
0374632
0374639
0374848
0374887
0375008
0375021
0375048
0375063
0375073
0375104
0375139
0375173
0375560
0375562
0375611
0375669
0375782
0375840
0375912
0376263
0376500
0376525
0376541
0376568
0376591
0376649
0376717
0376753
0376890
0376987
0377091
0377100
0377116
0377191
0377260
0377340
0377515
0377552
0377556
0377596
0377701
0377713
0377744
0377752
0377808
0377887
0377972
0377992
0378112
0378194
0378230
0378244
0378306
0378331
0378378
0378431
0378661
0378749
0378793
0378814
0378906
0378947
0379053
0379083
0379217
0379226
0379270
0379296
0379322
0379363
0379461
0379713
0379871
0379889
0379985
0380271
0380275
0380277
0380291
0380366
0380485
0380687
0380696
0380791
0380934
0381006
0381115
0381162
0381238
0381287
0381348
0381527
0381896
0382011
0382077
0382114
0382221
0382383
0382385
0382443
0382561
0382637
0382652
0382734
0382737
0382744
0382761
0382856
0382936
0382937
0382942
0382944
0383206
0383302
0383386
0383475
0383543
0383607
0383694
0383998
0384212
0384277
0384468
0384511
0384533
0384567
0384696
0384700
0384783
0384832
0384833
0385004
0385218
0385267
0385278
0385307
0385347
0385458
0385552
0385637
0385690
0385813
0385940
0385969
0386016
0386064
0386123
0386124
0386265
0386266
0386273
0386423
0386597
0386649
0386792
0386913
0387354
0387357
0387412
0387460
0387490
0387564
0387575
0387658
0387678
0387690
0387736
0387775
0387805
0387814
0387989
0388285
0388287
0388365
0388462
0388473
0388650
0388789
0388807
0388828
0388835
0388941
0388973
0388976
0389074
0389123
0389124
0389128
0389139
0389326
0389635
0389912
0390080
0390123
0390144
0390221
0390272
0390336
0390384
0390393
0390441
0390450
0390468
0390582
0390632
0391024
0391044
0391159
0391198
0391225
0391311
0391418
0391525
0391872
0391891
0392702
0392884
0392952
0393602
0394114
0394783
0394784
0394785
0394786
0394925
0395178
0395179
0395293
0395443
0395565
0395669
0395797
0395942
0395947
0396122
0396271
0396401
0396563
0396690
0396705
0397028
0397069
0397501
0397619
0397742
0397919
0398033
0398075
0398094
0398150
0398373
0398378
0398438
0398533
0398545
0398563
0398791
0398868
0398872
0399237
0399663
0399803
0399877
0399901
0400225
0400435
0400611
0400743
0400878
0401088
0401233
0401504
0401519
0401520
0401690
0401792
0401851
0402014
0402114
0402127
0402223
0402260
0402348
0402417
0402444
0402577
0402595
0402716
0403118
0403168
0403198
0403217
0403508
0403571
0403578
0403657
0403703
0403893
0403910
0403915
0404029
0404126
0404202
0404456
0404504
0404552
0404756
0404757
0404780
0404844
0405048
0405061
0405159
0405185
0405491
0405496
0405507
0405832
0406310
0406322
0406326
0406327
0406516
0406554
0406695
0406706
0406977
0407263
0407301
0407384
0407534
0407612
0407761
0407924
0407936
0407969
0408056
0408191
0408196
0408261
0408309
0408338
0408504
0408666
0408830
0409016
0409572
0409827
0409842
0409994
0409999
0410006
0410098
0410132
0410336
0410428
0410454
0410700
0410818
0410839
0410848
0410953
0411269
0411291
0411295
0411469
0411646
0412366
0412494
0412523
0412631
0412845
0412915
0412919
0413032
0413108
0413308
0413322
0413615
0413886
0414078
0414097
0414224
0414545
0414661
0414762
0414813
0414848
0415171
0415230
0415348
0415490
0415872
0415908
0415978
0416243
0416399
0416424
0416712
0416825
0416879
0417015
0417081
0417176
0417248
0417249
0417251
0417395
0417791
0418038
0418092
0418131
0418141
0418247
0418291
0418362
0418460
0418604
0418753
0418819
0418822
0419124
0419214
0419280
0419739
0419828
0419846
0419929
0420075
0420220
0420304
0420323
0420332
0420404
0420511
0420546
0420659
0420683
0420723
0420737
0421968
0421997
0422361
0422618
0422950
0423027
0423499
0423502
0423505
0423510
0423651
0423731
0423866
0423871
0424228
0424380
0424506
0424547
0424774
0424885
0424934
0425088
0425255
0425299
0425388
0425390
0425406
0425617
0425686
0425710
0425960
0425996
0426535
0426556
0426955
0427166
0427228
0427256
0427380
0427479
0427481
0427541
0427940
0427956
0427989
0428144
0428441
0428518
0428614
0428914
0429032
0429059
0429416
0429682
0429739
0429746
0430380
0430381
0430457
0430495
0430659
0430750
0431153
0431334
0431370
0431447
0431468
0431721
0431733
0431849
0431903
0432102
0432103
0432719
0432815
0433367
0433374
0433376
0433411
0433446
0433517
0433588
0433605
0433674
0433722
0433771
0433969
0434685
0434853
0434908
0435612
0435617
0435636
0435671
0435752
0435776
0435777
0435972
0436015
0436016
0436040
0436149
0436162
0436579
0436584
0436682
0436720
0436724
0436852
0437208
0437327
0437416
0437503
0437719
0438021
0438060
0438205
0438819
0439164
0439219
0439533
0439545
0439546
0439707
0439771
0439806
0439819
0440432
0440989
0441758
0441847
0441886
0442043
0442174
0442709
0442800
0442840
0442846
0442855
0442857
0443313
0443329
0443425
0443518
0443740
0444626
0444698
0444704
0444723
0445483
0445720
0445945
0446069
0446274
0446282
0446304
0446320
0446610
0446647
0446724
0446733
0446765
0446797
0447374
0447448
0448089
0448100
0448120
0448123
0448177
0448179
0448206
0448725
0448891
0449004
0449086
0449602
0449650
0449651
0449740
0449836
0449887
0449897
0450003
0450032
0450430
0450982
0451109
0451131
0451239
0451824
0451850
0451919
0451957
0451983
0452573
0452830
0453414
0453446
0454847
0454985
0455507
0455793
0455940
0456071
0456152
0456183
0456974
0457090
0457150
0457194
0457198
0457285
0457343
0457437
0457671
0457993
0458380
0458425
0459216
0459392
0459425
0460475
0460488
0460599
0460628
0460737
0461471
0461830
0461938
0462306
0462351
0462634
0464783
0465497
0465500
0466013
0466200
0466251
0466506
0466688
0467413
0467468
0467488
0468586
0468805
0468895
0470115
0470131
0471164
0471178
0471289
0471390
0471422
0471433
0471588
0471614
0471777
0472219
0472221
0472263
0472278
0472465
0472522
0472549
0473479
0473499
0473733
0474680
0474700
0474771
0474779
0475001
0475009
0475065
0475130
0475175
0476242
0476495
0476601
0476635
0476699
0477320
0477424
0477851
0478492
0478574
0478824
0478856
0478903
0479081
0479180
0480109
0480152
0480345
0481296
0481495
0481630
0481943
0481960
0481964
0482010
0482107
0483046
0483180
0483268
0483296
0483779
0484500
0484504
0484974
0486195
0486631
0487176
0488487
0488488
0488491
0488493
0492571
0492891
0493286
0495228
0495900
0497938
0498242
0498554
0498936
0499665
0500086
0500094
0500095
0500097
0500101
0500132
0500133
0500145
0500148
0500149
0500188
0500194
0509093
0509459
0510952
0511727
0511738
0515691
0518329
0520874
0527963
0532866
0534986
0534990
0534991
0534993
0534994
0534995
0534996
0534997
0534998
0542819
0560802
0564558
0565688
0568087
0575517
0575698
0579541
0582891
0594963
0601350
0629565
0630129
0640122
0645585
0646020
0646077
0647353
0647469
0647470
0647474
0647477
0647480
0647482
0647484
0647486
0647487
0647489
0647494
0647496
0647498
0647504
0647505
0647514
0647515
0655398
0655402
0655423
0655425
0655437
0655439
0655450
0655456
0655462
0655476
0657766
0662638
0662641
0665723
0667521
0670132
0675485
0677760
0679931
0685628
0693415
0697533
0699672
0701207
0701278
0707308
0710478
0737261
0747284
0748809
0748829
0749565
0750633
0756695
0757428
0757564
0757565
0758423
0759960
0760497
0761579
0762760
0764490
0765853
0766092
0767119
0768126
0768131
0769519
0769773
0770177
0774067
0776023
0776193
0776504
0776505
0776506
0776513
0776518
0776520
0776526
0776535
0777244
0777298
0780543
0781574
0782683
0787451
0790179
0791110
0791188
0796327
0807656
0808169
0808517
0810095
0810429
0810837
0810896
0810931
0810932
0811910
0811913
0814086
0814180
0815141
0815931
0816435
0819368
0820986
0824379
0825953
0828315
0829122
0829286
0833273
0833941
0836235
0836636
0836660
0838284
0839961
0844233
0844434
0846028
0847467
0847479
0847554
0859628
0865412
0866170
0868923
0869096
0869097
0871443
0871726
0872301
0874253
0874272
0875326
0875882
0877223
0878102
0878111
0880522
0886458
0888498
0889166
0892321
0892601
0898291
0899329
0903618
0905678
0917045
0918643
0922733
0923680
0923681
0929552
0929743
0930567
0932528
0936956
0939595
0952669
0962123
0973487
0976725
0980785
0980963
0981343
0982374
0983614
0984014
0984247
0984908
0989778
0993012
0993273
0994807
0997207
0999041
1000886
1001464
1002989
1004512
1016034
1024215
1066715
1067369
1071838
1081314
1087448
1090133
1090904
1092838
1093390
1093693
1101143
1107758
1118257
1121029
1129366
1130224
1132580
1168651
1170833
1172516
1175495
1186655
1194135
1200785
1205955
1209339
1223429
1231300
1236465
1240836
1242482
1245101
1278235
1278543
1290062
1290729
1315195
1319584
1327789
1332256
1333192
1346846
1346976
1356910
1368162
1369283
1373259
1379224
1383506
1388771
1391557
1391851
1394186
1398266
1399925
1400002
1403848
1406029
1406035
1407060
1420570
1421455
1439456
1441186
1445794
1446823
1447497
1453439
1453767
1460417
1463408
1469259
1469271
1479669
1485642
1489546
1493028
1508527
1527826
1528804
1561312
1561457
1563900
1567739
1585986
1612105
1613026
1648148
1648153
1651110
1659169
1663942
1664858
1664859
1692810
1702911
1717230
1723006
1734537
1736672
1744079
1745231
1748817
1749808
1770913
1775550
1779803
1781805
1785302
1785840
1794960
1824723
1841876
1854988
1904597
1910568
1916987
1931118
1932729
1939360
1944827
1988715
1995351
2002758
2015388
2015389
2032414
2033243
2038256
2043427
2071295
2124106
2124112
2135254
2138180
2140651
2153442
2173762
2183342
2185056
2223998
2237238
2241363
2242968
2249698
2258373
2259278
2259404
2312134
2321187
2326059
2333658
2336895
2381079
2392094
2456850
2477896
2558526
2593492
2621460
2633606
2664262
2670864
2700382
2733842
2740596
2854202
2857288
2866598
2873808
2875018
2877264
2970832
2981432
2981630
3090338
3121000
3202258
3228100
3238758
3255572
3258050
3324224
3330544
3330558
3352226
3370288
3395192
3421254
3438120
3439812
3440472
3444332
3447346
3496860
3633660
3647432
3649486
3688336
3776668
3969110
4055634
4080782
4087078
4087202
4128386
4157770
4195976
4259054
4331370
4375298
4418078
4429502
4429560
4431410
4481654
4558670
4608596
4629640
4641828
4641882
4663952
4747322
4773360
4810212
4855398
4956162
4975014
5075210
5126942
5131374
5169968
5173512
5193406
5197036